""	"baseMean"	"log2FoldChange"	"lfcSE"	"stat"	"pvalue"	"padj"
"tRNA-Ala-AGC-20-1"	0	NA	NA	NA	NA	NA
"tRNA-Arg-TCT-1-1"	7464.07290372995	-0.0310401038420757	0.118999781868444	-0.260841686889737	0.794214595437464	0.855566981444515
"tRNA-Arg-TCT-4-1"	15.625771816559	-0.442894573927526	0.641056119861834	-0.690882685938608	0.489639267621065	0.656561745219156
"tRNA-Asn-GTT-1-1"	1018.77282656167	-0.115512450365516	0.118797701119397	-0.972345838994151	0.330878526643203	0.499314635369242
"tRNA-Asn-GTT-10-1"	139.937883251535	0.372877217051767	0.235622638662638	1.58251863729295	0.113531221099179	0.241381695309965
"tRNA-Asn-GTT-11"	0.317237265976486	0.129120979733666	3.30135155274674	0.0391115510331629	0.968801451624008	NA
"tRNA-Asn-GTT-12-1"	93.4396979126111	0.729413246110725	0.286206160050986	2.54855886393495	0.0108169030358228	0.0481658323859278
"tRNA-Asn-GTT-13-1"	0.80074524967599	3.20641075150997	2.39823832876006	1.33698586710845	0.181227250113224	NA
"tRNA-Asn-GTT-15"	1.33490039853562	1.71574637417432	1.76538848740558	0.971880346119047	0.331110078419725	NA
"tRNA-Asn-GTT-16"	0	NA	NA	NA	NA	NA
"tRNA-Asn-GTT-16-1"	0	NA	NA	NA	NA	NA
"tRNA-Asn-GTT-17-1"	9405.49279614988	0.406221424645268	0.198520894217726	2.04624015142582	0.0407327487650635	0.115818418175361
"tRNA-Asn-GTT-18-1"	0	NA	NA	NA	NA	NA
"tRNA-Asn-GTT-19-1"	0	NA	NA	NA	NA	NA
"tRNA-Asn-GTT-2"	13144.3420094868	0.575196924269554	0.192045802179527	2.99510282308516	0.00274352340487032	0.0184991863871256
"tRNA-Asn-GTT-20-1"	2.68810968449705	-0.428228150428396	1.317653451939	-0.324993001610731	0.745186368358037	NA
"tRNA-Asn-GTT-21-1"	0.325122072581431	1.90557794021003	3.22217342227688	0.591395213875078	0.554255646485183	NA
"tRNA-Asn-GTT-22-1"	0.308032510538955	-1.68346829172762	3.83824509728402	-0.438603645431309	0.660948755131931	NA
"tRNA-Asn-GTT-24-1"	7395.38416401911	0.707444837860321	0.152211128991218	4.6477865485193	3.35515831726291e-06	6.59847802395039e-05
"tRNA-Asn-GTT-25-1"	424.048712143254	0.818310795195146	0.210251899019971	3.89204948449678	9.94009637872912e-05	0.00117293137269004
"tRNA-Asn-GTT-27-1"	1.08996468261899	2.40301132218751	2.03653312773622	1.17995199265855	0.238019309230571	NA
"tRNA-Asn-GTT-3-1"	2101.79281765163	0.796362082580924	0.210417705112229	3.78467240746767	0.000153911180192681	0.00165104720570331
"tRNA-Asn-GTT-4-1"	1268.30761319093	0.41014143296388	0.131781245943027	3.11228984085639	0.00185642138163333	0.0132762256383474
"tRNA-Asn-GTT-5-1"	25.9518538748155	0.239748453415766	0.38230361537332	0.62711531823117	0.530583646705632	0.688009563860051
"tRNA-Asn-GTT-6-1"	381.056949687729	0.833434158259821	0.173630408649187	4.80004720799649	1.58628233633598e-06	4.1595847930588e-05
"tRNA-Asn-GTT-7-1"	6406.77427229121	0.141923447955554	0.125210971459142	1.13347453742794	0.257015028124447	0.430181181825316
"tRNA-Asn-GTT-8-1"	15.4449168300276	0.63141422540435	0.462852588014634	1.36417996086561	0.172510933492402	0.33395816258943
"tRNA-Asn-GTT-9-1"	7.75029503180106	0.176020833181086	0.649714678174882	0.270920204043331	0.786452405369224	NA
"tRNA-Asn-GTT-9-1_B"	438.936722749467	-0.0405678749987097	0.14321695071157	-0.283261686533257	0.776976244709604	0.847372508840022
"tRNA-Asp-GTC-10-1"	0.166581013549911	1.0909049791582	4.0804728567969	0.267347686761613	0.789201473745569	NA
"tRNA-Asp-GTC-2"	7322.10749051893	-0.0763146100255746	0.142094556341326	-0.537069202301168	0.591219813382471	0.72879220406483
"tRNA-Asp-GTC-9-1"	0	NA	NA	NA	NA	NA
"tRNA-Cys-GCA-7-1"	40.7716286667986	-0.514647497500642	0.317817807557148	-1.61931611528124	0.105379265052544	0.228160610572481
"tRNA-Gln-CTG-10-1"	2.43663242255537	0.606027137876427	1.27068064116464	0.47693111726403	0.633411172912066	NA
"tRNA-Gln-CTG-11-1"	51.1924887195841	0.84604262831955	0.382739178744563	2.21049392198282	0.027070901883264	0.0875168882801412
"tRNA-Gln-CTG-3"	169.173528140302	0.276955319613909	0.180779230948022	1.53200850651666	0.125520335626076	0.259849115857492
"tRNA-Gln-CTG-4"	315.501186170566	0.502085655293868	0.175299395701106	2.86416078780983	0.00418115714604096	0.0246815068577652
"tRNA-Gln-CTG-7-1"	11.1839552997201	-0.156836586133268	0.561178361410289	-0.27947725165155	0.779878593334345	NA
"tRNA-Gln-CTG-8"	161.056748817889	1.11289705542444	0.331899918333918	3.35311036233755	0.000799088367891593	0.00698462425268207
"tRNA-Gln-CTG-9-1"	431.376437299673	0.403809639879441	0.141381639288865	2.85616747627599	0.00428788890325582	0.0246815068577652
"tRNA-Glu-CTC-1"	30574.4069461882	-0.0645979266659263	0.137273194902393	-0.470579319668768	0.637941178616733	0.756553357555522
"tRNA-Glu-CTC-2-1"	12494.7001722116	-0.589376753638707	0.231188966296949	-2.54932907516739	0.0107930403516201	0.0481658323859278
"tRNA-Glu-TTC-10"	19.1060591605558	-0.915951273646593	0.509648179404414	-1.79722269334307	0.0723002732473546	0.176759801152306
"tRNA-Glu-TTC-3-1"	987.771531450958	-0.0930299159246151	0.1618793162844	-0.57468685969228	0.565503095953324	0.714866736699676
"tRNA-Glu-TTC-4"	2309.43843523946	0.102545834234276	0.115065992430216	0.891191498621691	0.372826444419977	0.531657846114439
"tRNA-Glu-TTC-6-1"	46.4530405929621	0.682823439974342	0.296754940859354	2.30096738405432	0.0213934747289514	0.0788077140900645
"tRNA-Glu-TTC-7-1"	2.69003939849602	0.146312679965395	1.06525260512249	0.137350220278101	0.890753976500036	NA
"tRNA-Glu-TTC-8-1"	86.0713134890603	-0.0168167041471179	0.278999735874369	-0.0602749823200201	0.951936626925856	0.968349327390094
"tRNA-Gly-CCC-1"	65759.7533124406	-0.190179669549224	0.20819761142553	-0.913457499570066	0.361001976325621	0.530908321936715
"tRNA-Gly-CCC-4-1"	7514.49750168736	0.370183487393334	0.141697811148238	2.61248557330264	0.00898864859111248	0.0424264213500509
"tRNA-Gly-CCC-5-1"	22268.4741385679	-0.0351876360437451	0.122213660687095	-0.287919008774611	0.773408735861321	0.847372508840022
"tRNA-Gly-CCC-6-1"	72656.5509315252	-0.398193817673908	0.20070281354108	-1.98399718792386	0.0472561534198111	0.13120532008324
"tRNA-Gly-CCC-8-1"	3.52911803760752	1.45417384186172	1.07949239855261	1.34709039527419	0.177951121124457	NA
"tRNA-Gly-GCC-1"	14158.8033315973	-0.0216248117512761	0.112966759143752	-0.191426326781299	0.848191595643799	0.889658740319718
"tRNA-Gly-GCC-2"	20799.1498140658	-0.221936182541346	0.153109222648644	-1.44952850456727	0.147190045920148	0.296896161001325
"tRNA-Gly-GCC-4-1"	38.0163427523511	0.687241894951096	0.320773877791676	2.14244968973882	0.032157313013254	0.0987290484138239
"tRNA-Gly-TCC-2"	10456.7845399116	-0.243705594258539	0.152080164253606	-1.60248113522642	0.109049255868888	0.233960221682341
"tRNA-Gly-TCC-4-1"	979.322137518507	-0.334900075088288	0.204340649378726	-1.63893026721072	0.101227783308452	0.224882484711423
"tRNA-His-GTG-1"	18921.3503158318	-0.146620318868917	0.126719006240425	-1.15705073152747	0.247251634070357	0.419794141299311
"tRNA-His-GTG-2-1"	4.15540411922461	-0.700400383283571	0.902837612606295	-0.775776699490475	0.437880843884043	NA
"tRNA-iMet-CAT-1"	12298.9896365194	0.372783838507002	0.132809714528668	2.80690188838959	0.0050020473914687	0.0274300084719354
"tRNA-Leu-CAA-4-1"	8817.34127950594	-0.420159071421019	0.184246382099272	-2.28041965673247	0.0225828108890286	0.0788077140900645
"tRNA-Leu-CAA-6-1"	44.8861160626256	-0.409228281361131	0.3000709302204	-1.3637718290824	0.172639389135214	0.33395816258943
"tRNA-Leu-CAG-1"	270.333664222184	-0.176170918876617	0.176394990357919	-0.998729717432185	0.317925640697634	0.490395105912691
"tRNA-Lys-CTT-12-1"	0.804415548345785	0.67336554000885	2.0283568801159	0.331975870030511	0.739907479651302	NA
"tRNA-Lys-CTT-13-1"	0	NA	NA	NA	NA	NA
"tRNA-Lys-CTT-2"	24689.2437019921	-0.368836117578292	0.15512798730874	-2.37762459229374	0.0174245553436852	0.0685365843518286
"tRNA-Lys-CTT-7-1"	72.2508029925167	-0.185356008934665	0.285574105151584	-0.649064483056953	0.516296697520828	0.679321475100329
"tRNA-Lys-TTT-3"	29046.5325374531	0.164649426495762	0.0981416058945251	1.67767202294116	0.0934111439834022	0.214029417282358
"tRNA-Lys-TTT-8-1"	17.1748895720538	0.147676321898047	0.468503436852786	0.315208620218617	0.752603260950743	0.847372508840022
"tRNA-Lys-TTT-14-1"	5.28237413652749	1.21596362912418	0.834409484607537	1.45727445763168	0.145040634562779	NA
"tRNA-Pro-AGG-2"	1182.36519300511	-0.281176558378834	0.125024001498914	-2.24898063578038	0.0245137280932343	0.0803505531944903
"tRNA-Pro-CGG-1"	471.221023000591	-0.681889523055277	0.182115832435381	-3.74426272519292	0.000180924261385622	0.00185644024726116
"tRNA-Thr-TGT-2-1"	7225.5029944672	-0.446607363909977	0.108643226572584	-4.11077043640267	3.94341114086076e-05	0.000581653143276963
"tRNA-Val-AAC-7-1"	0	NA	NA	NA	NA	NA
"tRNA-Val-CAC-1"	13237.3776005877	0.354022726801136	0.135939565818905	2.60426554012064	0.00920713919022669	0.0426055852724216
"tRNA-Val-CAC-10-1"	1.48614310438128	-0.21159434515164	1.40571937762535	-0.150523887284731	0.880351306107086	NA
"tRNA-Val-CAC-11"	1076.46926369807	0.265768696917246	0.129857858990207	2.04661234201689	0.0406961620741228	0.115818418175361
"tRNA-Val-CAC-13-1"	2.91912680771197	-2.27939136987991	1.41771967245111	-1.60778707820217	0.107881819444183	NA
"tRNA-Val-CAC-14-1"	1555.85895460785	0.230440910169467	0.110558103131739	2.0843421119018	0.0371290593569888	0.110090887542295
"tRNA-Val-CAC-4-1"	13362.7554454589	0.376039795501725	0.131633586161259	2.85671618063382	0.00428048402828145	0.0246815068577652
"tRNA-Asn-GTT-26-1"	84.9710031419881	-0.982884351303104	0.255673378623343	-3.84429680006336	0.000120898613651833	0.00135867013437298
"tRNA-Glu-TTC-14-1"	445.507828620861	-0.0678795531471326	0.164884788174864	-0.411678687273108	0.68057494837885	0.795127167412914
"tRNA-Ser-TGA-1-1"	1029.54762697219	-1.14510071473677	0.214764393096005	-5.33189276969613	9.71943289250848e-08	3.27683737518857e-06
"tRNA-Val-TAC-3-1"	2516.44864688485	0.139580349307898	0.156979243167518	0.889164366520398	0.373914750325611	0.531657846114439
"tRNA-Ala-TGC-8-1"	0.158696206944966	-0.832648372484287	4.0804728567969	-0.204056834025334	0.83830908600728	NA
"tRNA-Arg-TCT-3"	1225.79998898719	-0.0932657343848707	0.127631030932039	-0.730744974037961	0.464934939471824	0.630601412157187
"tRNA-Leu-TAA-3-1"	601.136823982924	-0.350962767208986	0.207424192973079	-1.6920049786793	0.090645024355747	0.209727703411336
"tRNA-Lys-CTT-15-1"	0	NA	NA	NA	NA	NA
"tRNA-Lys-TTT-2-1"	73.2019300247992	-0.152727831736697	0.236334464748051	-0.646235968585941	0.518126548805336	0.679321475100329
"tRNA-Lys-TTT-5-1"	6249.6794725325	0.265295115424515	0.123689145222189	2.14485365670491	0.0319645495575039	0.0987290484138239
"tRNA-Phe-GAA-1"	2057.64275389382	-0.206585184878779	0.134009360555503	-1.54157279776898	0.12317744006099	0.257255538534457
"tRNA-Phe-GAA-2-1"	337.012631491472	-0.673124555287813	0.203485677377484	-3.30797019211877	0.000939748114435071	0.00768970404824136
"tRNA-Pro-TGG-2-1"	145.167960467825	-0.0937466108149849	0.198574564559944	-0.472097778598857	0.636856997991645	0.756553357555522
"tRNA-Ser-AGA-6-1"	2.24968283470361	-0.0121540080744008	1.30560833717207	-0.00930907664141163	0.992572538748589	NA
"tRNA-Ser-GCT-3-1"	1051.85253660324	-0.47655000726557	0.177004307477173	-2.69230740233272	0.00709595071380533	0.0348884243428762
"tRNA-Val-TAC-1"	8706.45003303928	0.606219623684135	0.152069034031246	3.98647645489463	6.7061779254386e-05	0.000879254439113061
"tRNA-Val-TAC-2-1"	17932.0707903453	0.448959389630566	0.103344816304858	4.34428552571205	1.39729680790029e-05	0.000219841364442979
"tRNA-Ala-TGC-3"	1728.49635029903	-0.168736136575257	0.171373534290425	-0.984610239112543	0.32481555827137	0.49776929709119
"tRNA-Ala-TGC-4-1"	830.29155289762	-0.204855238262893	0.187876591129432	-1.09037127526848	0.275549629831284	0.453985234866499
"tRNA-Asp-GTC-1-1"	1975.61161661465	0.196035314235419	0.215139342463352	0.911201605391225	0.362189158325672	0.530908321936715
"tRNA-Asp-GTC-8-1"	0.15854105903152	1.0909049791582	4.0804728567969	0.267347686761613	0.789201473745569	NA
"tRNA-Gln-CTG-12-1"	5.57939983940465	-0.927285729451458	0.831203802122283	-1.11559370527884	0.264596087780813	NA
"tRNA-Ile-AAT-11-1"	0	NA	NA	NA	NA	NA
"tRNA-Lys-TTT-11-1"	6.45186642835137	0.598988593316399	0.701635940702882	0.853702837281036	0.393269661676652	NA
"tRNA-Ser-CGA-4-1"	41.9239396933198	-0.718290703995694	0.316491347562065	-2.26954294178559	0.0232353289466801	0.0790261818297606
"tRNA-Trp-CCA-4-1"	157.960219737273	-0.00126462170395917	0.205451196626233	-0.00615533871170306	0.995088781288308	0.998717077362101
"tRNA-Glu-CTC-3-1"	4.99810039583078	-0.281858814103938	0.904388219009794	-0.31165688382423	0.75530129866811	NA
"tRNA-Glu-TTC-1"	6603.83152323394	0.471870844702478	0.197236290054559	2.39241391415317	0.0167379541238197	0.0669518164952786
"tRNA-Glu-TTC-2"	14760.6861329549	0.0623168816872789	0.130868883235782	0.476177989346825	0.633947579052101	0.756553357555522
"tRNA-Ala-AGC-15-1"	4.383426507701	1.0357337489903	0.862626871126515	1.20067410795785	0.229877641595541	NA
"tRNA-Arg-ACG-1"	16561.2640876539	-0.477894366375632	0.149940925803877	-3.18721765797764	0.00143648629920211	0.0109358311810225
"tRNA-Cys-GCA-8-1"	23.0065876308813	-0.0933218064905143	0.451907441744316	-0.206506460991883	0.836395318368387	0.881202210423836
"tRNA-Glu-TTC-11-1"	0	NA	NA	NA	NA	NA
"tRNA-Ile-AAT-5"	1613.16646504348	0.113650965044414	0.145995212771427	0.778456792431598	0.436299769218603	0.595183500205725
"tRNA-Leu-AAG-2"	684.855840814403	-0.487741165033986	0.156527665501665	-3.11600612882581	0.00183318462393962	0.0132762256383474
"tRNA-Leu-TAG-2-1"	95.0878321154033	-0.346181629569895	0.276159649976398	-1.25355615709783	0.210003375389611	0.372637568360512
"tRNA-Leu-TAG-4-1"	0	NA	NA	NA	NA	NA
"tRNA-Lys-CTT-1"	74406.6594252853	-0.756815633734171	0.270314516463107	-2.79975949363217	0.00511406937612355	0.0274300084719354
"tRNA-Pro-TGG-1-1"	277.177885165718	0.0223774875964588	0.16467518022317	0.135888647980421	0.891909309827561	0.919172913184736
"tRNA-Pro-TGG-3"	2214.21500700616	0.13198257709552	0.13163662104757	1.00262811400958	0.316040325846697	0.490395105912691
"tRNA-Thr-TGT-3-1"	546.434761231377	0.767414644563809	0.139523940521975	5.50023631566615	3.79282567366509e-08	1.79021371796992e-06
"tRNA-Thr-TGT-4-1"	973.297081037838	-0.575298322780817	0.212291104700138	-2.70995020537213	0.00672933099807684	0.0337898322456624
"tRNA-Thr-TGT-5-1"	74.0070280900607	-0.140824839144193	0.255519222857422	-0.551132073623958	0.581543140039283	0.72615968809138
"tRNA-Tyr-GTA-4-1"	364.278489259738	0.428792643003761	0.162367549217363	2.64087648714665	0.00826918596151042	0.039827099732989
"tRNA-Tyr-GTA-5"	20955.424256962	0.248241277855813	0.0996456074112713	2.49124155399281	0.0127297541838238	0.0546222179524077
"tRNA-Tyr-GTA-7-1"	106.854037938471	0.34001154577015	0.2006787794201	1.69430742379777	0.0902068806153243	0.209727703411336
"tRNA-Arg-TCG-1-1"	2138.50723034647	-0.362637720369773	0.150000054571203	-2.41758392292873	0.0156239306839125	0.0635732351966093
"tRNA-Cys-GCA-5-1"	57.7431851842768	-0.129384468205639	0.260139425361984	-0.497365856888476	0.618931078191505	0.752926466253583
"tRNA-Gln-CTG-1"	17648.0630509741	0.531245485814307	0.120819143950351	4.39703070593362	1.09741824933562e-05	0.000184993362030861
"tRNA-Lys-CTT-16-1"	13.8229456007699	-0.0789573784661271	0.563921208451389	-0.14001491215937	0.888648208251449	0.919172913184736
"tRNA-Ser-GCT-4"	3131.47388652583	-0.216832299553101	0.11794449475842	-1.8384266259924	0.0659995646504433	0.165701034654304
"tRNA-Arg-CCG-1"	1646.52705865689	0.271143691146837	0.119010177873217	2.27832355175278	0.0227073074496796	0.0788077140900645
"tRNA-Arg-CCT-3-1"	680.596749839776	-0.148849658697317	0.143522084853089	-1.03712023727694	0.299679824824759	0.48321624757035
"tRNA-Arg-CCT-5-1"	15.9098091758949	-0.676310111646336	0.509950316226458	-1.32622745810006	0.184764366822093	0.346066591825507
"tRNA-Gly-CCC-2"	2331.17686981032	0.0649837621314368	0.110642237426783	0.587332321207259	0.556980537881883	0.714866736699676
"tRNA-Gly-GCC-3-1"	18255.1380947153	-0.205209256178065	0.165702431300546	-1.23842030902892	0.215560254041641	0.37900827095017
"tRNA-Gly-GCC-5-1"	3366.77543659657	-0.0537213291161586	0.120582964779335	-0.44551342069311	0.65594876325888	0.77016869715968
"tRNA-Leu-CAG-2"	2299.06867027401	-0.936799151532492	0.184218842864705	-5.08525152457123	3.67139193871753e-07	1.08306062192167e-05
"tRNA-Leu-TAG-3-1"	713.370292350909	-0.342916438093181	0.156385588265537	-2.19276240155149	0.0283245021623926	0.0903321960854682
"tRNA-Lys-CTT-14-1"	46.0566956630549	-0.316849341027577	0.291472217111434	-1.08706532707521	0.277007939918542	0.453985234866499
"tRNA-Lys-CTT-3-1"	2501.30647615479	-0.568398704526996	0.124280758944277	-4.57350525821817	4.79631635998874e-06	8.7071589304411e-05
"tRNA-Lys-CTT-4-1"	35464.7372533408	-1.47132989697705	0.519420309531995	-2.83263836622549	0.00461655813480886	0.0259406599955926
"tRNA-Lys-CTT-5-1"	304.394834998487	-0.0879657876146982	0.164540254686705	-0.53461560383622	0.592915691442574	0.72879220406483
"tRNA-Lys-CTT-8-1"	4.77522135886936	1.43338139538115	1.03326131937958	1.38723996388621	0.165368603027888	NA
"tRNA-Lys-TTT-1-1"	102.203040202349	0.492350327172352	0.229880710599598	2.14176442159133	0.0322124437621375	0.0987290484138239
"tRNA-Met-CAT-2-1"	3.04915294344911	1.05249447876745	1.20036378229711	0.876812924789612	0.380588257721675	NA
"tRNA-Met-CAT-6-1"	193.613953427331	-0.105629227369238	0.167787550280122	-0.629541507655898	0.528994603479995	0.688009563860051
"tRNA-Pro-AGG-1-1"	289.555728168201	-0.988510120601564	0.162620539282152	-6.07863019619227	1.2121354194909e-09	1.43031979499926e-07
"tRNA-Pro-TGG-4-1"	0.685976202205344	0.180835337290661	2.34954341226752	0.076966161317334	0.938650464445535	NA
"tRNA-Thr-CGT-2-1"	4341.53166143672	0.705283170120563	0.238462717283988	2.95762447963987	0.00310019546356977	0.0192538455105912
"tRNA-Arg-CCG-2-1"	327.197703827543	-0.545718808767065	0.156694811561927	-3.48268588683546	0.000496410451564886	0.00486872229663354
"tRNA-Arg-CCT-1-1"	179.062720573652	-0.10623625442338	0.202635819614086	-0.524271842094372	0.600089478662577	0.733788170799835
"tRNA-Arg-CCT-2-1"	12884.8087293368	-0.153066885303045	0.173309061524564	-0.883201858901938	0.377127217424772	0.531657846114439
"tRNA-Arg-TCG-3-1"	495.448023891723	-0.308328823073523	0.158032623233171	-1.95104540293934	0.0510516450196519	0.138484922122274
"tRNA-Arg-TCT-2-1"	519.80974188925	-0.404326027163464	0.135609508396332	-2.98154629380251	0.00286796681970849	0.0186096794989502
"tRNA-Cys-GCA-14-1"	27.4053271621268	0.102845773233648	0.365609941635393	0.281299170295024	0.778480946638102	0.847372508840022
"tRNA-Cys-GCA-2"	890.571152218992	-0.133350001441386	0.129754801025639	-1.0277076484826	0.304087368932004	0.484896074783467
"tRNA-Cys-GCA-24-1"	0.325277220494877	0.129120876817956	3.27423836032559	0.039435393092492	0.968543262239035	NA
"tRNA-Cys-GCA-4-1"	252.027164969505	0.0267782955934545	0.156682327726658	0.17090820631776	0.864295943896748	0.898563183963139
"tRNA-Gln-TTG-1-1"	2140.8628647713	0.475107576414781	0.21015497498595	2.26074865201999	0.0237748258894619	0.0790261818297606
"tRNA-Gly-CCC-3-1"	20.7752537264906	-0.410666824775271	0.407949945296589	-1.00665983537933	0.31409826962595	0.490395105912691
"tRNA-Gly-TCC-3-1"	3359.39605943326	-0.148195385381479	0.119989756239646	-1.23506697593001	0.216805578721496	0.37900827095017
"tRNA-Ile-AAT-4-1"	246.099596396087	-0.619409023291314	0.178378723025311	-3.47243781537455	0.000515754480575587	0.00486872229663354
"tRNA-Leu-TAG-1-1"	4360.15249694684	-0.914327667000469	0.231026648058723	-3.95767187328132	7.56838268498433e-05	0.000940072796661212
"tRNA-Ser-AGA-2"	1158.24410609729	0.131166256801894	0.125753546895968	1.0430422046895	0.296928746313778	0.48321624757035
"tRNA-Ser-CGA-1-1"	320.592008544818	0.198362209548509	0.153564670958304	1.29171773892166	0.196454912015096	0.356953921316999
"tRNA-Thr-AGT-1"	1003.19536981112	0.677837555486172	0.245783029570082	2.75786964084473	0.00581793940283747	0.0305118599793254
"tRNA-Thr-AGT-5-1"	148.305080544257	-0.279602483222393	0.212194512181745	-1.31767066144912	0.187613919898604	0.3471713036262
"tRNA-Thr-AGT-7-1"	0.317237265976486	0.129120979733666	3.30135155274674	0.0391115510331629	0.968801451624008	NA
"tRNA-Thr-CGT-4-1"	5526.61701475461	0.560457791966973	0.224057895372662	2.50139719930332	0.0123704350548309	0.0540633828322239
"tRNA-Trp-CCA-1-1"	121.908005512129	0.113059558558407	0.199463598815685	0.566818002029933	0.57083783857463	0.716583669700067
"tRNA-Trp-CCA-2-1"	535.467940413964	-0.257125717383275	0.147425961319697	-1.74410066640632	0.0811415378885895	0.195402070833746
"tRNA-Trp-CCA-3"	218.241718273634	0.0541032853751961	0.166506567663131	0.324931839833824	0.745232658582026	0.847372508840022
"tRNA-Gly-TCC-5-1"	0.989621987778352	-2.07421700498906	1.9364214718077	-1.07115988703261	0.284097544470236	NA
"tRNA-Gly-TCC-6-1"	0.800477198002827	-3.05247993473644	2.10630895279863	-1.44920807115245	0.147279484214226	NA
"tRNA-Lys-CTT-6-1"	192.201243839441	0.0654285766351361	0.184203586917235	0.355197082370247	0.722441950340105	0.831689269659828
"tRNA-Gly-TCC-1-1"	2387.7887890749	-0.0321424102101076	0.127645354183947	-0.251810263018174	0.801187724149313	0.855566981444515
"tRNA-Ile-TAT-1-1"	55.8863894079895	0.344855403213194	0.256783492901017	1.34298119913077	0.179278061725592	0.343980671278371
"tRNA-Lys-CTT-10-1"	164.138664768974	2.41284225533735	0.22643500738564	10.6557827925788	1.63860262982848e-26	3.86710220639522e-24
"tRNA-Lys-CTT-11-1"	50.5446922822672	0.154878470911876	0.270152178023352	0.573300841196579	0.566441015944235	0.714866736699676
"tRNA-Lys-TTT-10-1"	73.4594914853693	0.852829396286492	0.411410063247855	2.07294247873733	0.0381776331078246	0.111233597696872
"tRNA-Lys-TTT-12-1"	11.5695292515976	0.179692583377249	0.541892941069396	0.331601631537469	0.740190087439993	NA
"tRNA-SeC-TCA-1-1"	989.70913038743	0.142556017012441	0.137825777779498	1.03432042473586	0.300986391495091	0.48321624757035
"tRNA-Val-CAC-3-1"	13018.7160647723	0.367463994342474	0.112857464102273	3.25600080832469	0.00112993429823789	0.00888881647947144
"tRNA-Ala-AGC-8"	145.05687514664	0.333101671063193	0.203678635747573	1.63542764237689	0.101959431627637	0.224882484711423
"tRNA-Ala-CGC-3-1"	91.2311592791175	-0.448813770519003	0.239314988128272	-1.87541020321903	0.0607363125250745	0.156828081451624
"tRNA-Gln-TTG-5-1"	0	NA	NA	NA	NA	NA
"tRNA-Glu-CTC-7-1"	1.15691942762441	1.43016233575379	1.72099582432185	0.831008603008862	0.405968769366735	NA
"tRNA-Ile-TAT-2"	190.908280641167	0.153140687455208	0.17257538858856	0.88738428293685	0.374872042436339	0.531657846114439
"tRNA-Lys-TTT-15-1"	0	NA	NA	NA	NA	NA
"tRNA-Tyr-GTA-2-1"	35944.2631682637	0.465570850420731	0.169596428066014	2.74516896216418	0.00604797505064148	0.0310287415641607
"tRNA-Leu-AAG-6-1"	0	NA	NA	NA	NA	NA
"tRNA-SeC-TCA-2-1"	4.61640909379265	-0.949207996531889	0.84747796233101	-1.1200385599657	0.262697330562301	NA
"tRNA-Arg-ACG-2"	608.891119091337	-0.235642650726358	0.123090917743679	-1.91437885951142	0.0555717647664079	0.149033369146276
"tRNA-Asp-GTC-6-1"	0	NA	NA	NA	NA	NA
"tRNA-Cys-GCA-25-1"	0.676909525563908	-1.34201178599033	2.32694596133575	-0.576726665891272	0.564124115814746	NA
"tRNA-Cys-GCA-6-1"	8.40757553994892	-0.668065715778866	0.680961441407852	-0.981062473078762	0.326561934819063	NA
"tRNA-Cys-GCA-9"	65.5650989268933	-0.513722475396523	0.307956584534913	-1.6681652583346	0.0952829254636454	0.216218946244426
"tRNA-Leu-AAG-8-1"	0	NA	NA	NA	NA	NA
"tRNA-Val-AAC-1"	8036.4010220197	0.138309712890922	0.126213523787999	1.09583908871161	0.273149199031841	0.453966274447285
"tRNA-Asp-GTC-5-1"	9.8378983449695	-0.175933315359996	0.586029212695696	-0.300212534714292	0.76401504449072	NA
"tRNA-Leu-AAG-1"	29.0324916586227	-0.304257469777285	0.378682328085664	-0.803463608442951	0.421706822635804	0.578620989197964
"tRNA-Leu-AAG-7-1"	0.158696206944966	-0.832648372484287	4.0804728567969	-0.204056834025334	0.83830908600728	NA
"tRNA-Lys-CTT-9-1"	2.85868196221105	-0.729164689389949	1.08210260831179	-0.673840617136609	0.500412648857908	NA
"tRNA-Thr-TGT-6-1"	163.514844961412	0.250798730481795	0.199244576495338	1.25874809188426	0.208121334748718	0.372095719702253
"tRNA-Val-AAC-2-1"	14279.1787267479	0.266005364149519	0.11232626541828	2.36814927620863	0.0178773212178143	0.0691647181541666
"tRNA-Ala-AGC-1-1"	257.161030951195	-0.304412334156914	0.162985932226741	-1.86772152662491	0.0618008965042418	0.156828081451624
"tRNA-Ala-AGC-10"	0.333162027099821	1.92953562033438	3.72596407803096	0.517862110295512	0.604554479636485	NA
"tRNA-Ala-AGC-11-1"	72.8158631673803	-0.000409449535959589	0.254647718224938	-0.00160790577199639	0.998717077362101	0.998717077362101
"tRNA-Ala-AGC-12"	0.535751255284406	-0.812492175779211	2.80646016751001	-0.289507823836347	0.772192793567386	NA
"tRNA-Ala-AGC-13"	4.54912784112228	1.93083868918778	0.947906341879225	2.03695091369459	0.0416549612468665	NA
"tRNA-Ala-AGC-14"	0	NA	NA	NA	NA	NA
"tRNA-Ala-AGC-16-1"	0	NA	NA	NA	NA	NA
"tRNA-Ala-AGC-17-1"	0.492444687463872	-2.344924833005	2.79026555594215	-0.840394860629394	0.400687029771619	NA
"tRNA-Ala-AGC-18"	39.4135400309951	0.577563890108287	0.304352753869336	1.89767919877684	0.0577383543597703	0.153103950886582
"tRNA-Ala-AGC-19-1"	0.166581013549911	1.0909049791582	4.0804728567969	0.267347686761613	0.789201473745569	NA
"tRNA-Ala-AGC-2"	6338.83133251544	0.557952326119829	0.239168869091897	2.33288022909638	0.0196544323203733	0.0748136456065821
"tRNA-Ala-AGC-21-1"	0	NA	NA	NA	NA	NA
"tRNA-Ala-AGC-23-1"	31.955888127159	-0.211067317437739	0.38943190689579	-0.541987735725568	0.587826954650029	0.72879220406483
"tRNA-Ala-AGC-24-1"	0	NA	NA	NA	NA	NA
"tRNA-Ala-AGC-3-1"	44.9385307659962	-0.636620065175516	0.320837642682919	-1.98424368117142	0.0472286811725321	0.13120532008324
"tRNA-Ala-AGC-4-1"	171.207605550797	0.288260989818901	0.219103936202913	1.31563583390825	0.188296300271837	0.3471713036262
"tRNA-Ala-AGC-5-1"	42.7711453390055	-0.745690194269442	0.321978033283889	-2.31596605105034	0.0205601223805303	0.0770188711397642
"tRNA-Ala-AGC-6-1"	60.5070828366358	0.0117575040496602	0.320650625324476	0.0366676473428438	0.970750004967157	0.980520537413767
"tRNA-Ala-AGC-9"	0.32089049552893	-1.73311277895935	3.24254330740048	-0.534491790750754	0.593001327623855	NA
"tRNA-Ala-CGC-1-1"	138.881553007304	-0.202960408415113	0.225622414254654	-0.899557825784263	0.368355609587466	0.531657846114439
"tRNA-Ala-CGC-2-1"	965.561241012084	-0.207335923655289	0.162661825838346	-1.27464402041903	0.202435269025764	0.364692545725804
"tRNA-Ala-CGC-4-1"	65.7310696403263	-0.244006607746617	0.263590970471464	-0.925701693461587	0.354601027569982	0.526326053500099
"tRNA-Ala-CGC-5-1"	200.272600410454	0.00823650888547504	0.236441186998848	0.0348353389272875	0.97221104133399	0.980520537413767
"tRNA-Ala-TGC-1-1"	2169.16612138791	0.207563792040778	0.175011638990294	1.18599993256614	0.235622326154493	0.407473030999606
"tRNA-Ala-TGC-2-1"	180.443983064095	0.195474816988972	0.201447283201212	0.97035221266164	0.331870959847701	0.499314635369242
"tRNA-Ala-TGC-5-1"	132.951421312944	0.146798823977039	0.211146274312876	0.69524704830696	0.486900492237312	0.656561745219156
"tRNA-Ala-TGC-6-1"	366.514202852906	-0.497740056295843	0.202498277948991	-2.45799648933915	0.0139714539881497	0.0578467217754969
"tRNA-Ala-TGC-7-1"	105.769874683481	0.0948728913513507	0.244228847261011	0.38845899006336	0.697676397034258	0.8110917719216
"tRNA-Ala-TGC-9-1"	0	NA	NA	NA	NA	NA
"tRNA-Arg-TCG-2-1"	658.233167371323	-0.124428285222947	0.182470404559107	-0.681909406205332	0.495296237262693	0.660394983016924
"tRNA-Arg-TCG-4-1"	55.6768931607261	0.0191437126780914	0.266947087591357	0.0717135101597236	0.942829904294229	0.963237477980251
"tRNA-Arg-TCG-5-1"	220.063538272493	-0.288555888666016	0.201553778468882	-1.43165705380495	0.152241992798295	0.301925296641998
"tRNA-Arg-TCT-5-1"	67.3959985809927	-0.232489436646604	0.2397416483686	-0.969749887967541	0.332171176919369	0.499314635369242
"tRNA-Asp-GTC-3-1"	571.871301623106	0.59700355460596	0.200586706378453	2.97628674095468	0.00291761924347949	0.0186096794989502
"tRNA-Gln-CTG-2-1"	16366.7391220685	0.574404839157271	0.121140686084689	4.74163435689729	2.12000989583735e-06	4.85811672946707e-05
"tRNA-Gln-CTG-5-1"	367.938511686192	-0.0937110108544117	0.142755207699319	-0.656445480096198	0.511537535811405	0.678218305907256
"tRNA-Gln-CTG-6-1"	1126.6312797248	0.0372446944508007	0.117561705942467	0.316809748142204	0.751387967000257	0.847372508840022
"tRNA-Gln-TTG-2-1"	701.000865269812	0.0449375026391644	0.151586472103038	0.296447974649208	0.766887992388845	0.847372508840022
"tRNA-Gln-TTG-3"	1636.93126297283	0.0454601199202052	0.144522492801618	0.314553942704317	0.753100353532711	0.847372508840022
"tRNA-Gln-TTG-4-1"	17.3687345846908	-0.463459595688255	0.497869373011532	-0.930885932759556	0.351912571950369	0.525641563166374
"tRNA-Gly-GCC-6-1"	1.11844795939282	-0.355009318050293	1.99746997945158	-0.177729488654324	0.858935425333384	NA
"tRNA-Ile-AAT-1-1"	1.52214321309692	1.92246380812456	1.6732689683902	1.1489269474555	0.250586104868084	NA
"tRNA-Ile-AAT-10-1"	0	NA	NA	NA	NA	NA
"tRNA-Ile-AAT-12-1"	9.71004457101388	0.620430495522123	0.570418596469002	1.0876757864535	0.276738260736125	NA
"tRNA-Ile-AAT-2-1"	2441.29381305263	-0.289296433894478	0.147742956789096	-1.95810643147917	0.0502175252474837	0.13780623207449
"tRNA-Ile-AAT-3-1"	19.0955973776622	-0.0774586218628399	0.449529840899069	-0.172310300263762	0.863193587028848	0.898563183963139
"tRNA-Ile-AAT-6-1"	1.16043457838076	0.555148028880449	1.65113900796269	0.336221254663129	0.736704026045717	NA
"tRNA-Ile-AAT-7"	6.92098968915916	0.554219607200586	0.979627468687516	0.565745270437463	0.571566955954196	NA
"tRNA-Ile-AAT-8-1"	6488.13355774352	0.148876924552096	0.16903963082601	0.880722016633678	0.378468297234007	0.531657846114439
"tRNA-Ile-AAT-9-1"	1.15752295016085	-1.17735708631473	1.72347682032612	-0.683129051942778	0.494525299165284	NA
"tRNA-Ile-TAT-3-1"	3.75757214105555	-0.536468476838478	0.957645717276537	-0.560195140186236	0.575346341493892	NA
"tRNA-iMet-CAT-2-1"	563.611128909043	-0.75103306070432	0.131515817717372	-5.71059111930012	1.12584438771166e-08	8.85664251666507e-07
"tRNA-Leu-AAG-3-1"	27.6316511857484	-0.4435752498892	0.391171866211064	-1.1339651140705	0.256809181808903	0.430181181825316
"tRNA-Leu-AAG-4-1"	12.1114184861861	0.132932069316932	0.519940449496669	0.255667873975986	0.798207303706358	0.855566981444515
"tRNA-Leu-CAA-1"	2315.58033318505	-0.297223583716212	0.142741023589311	-2.08225761762345	0.0373189449295917	0.110090887542295
"tRNA-Leu-CAA-2-1"	725.189800905072	0.235448818560165	0.182345914220012	1.29122069758076	0.1966271600475	0.356953921316999
"tRNA-Leu-CAA-3-1"	22.3690272092309	-0.197168973726631	0.404047238073535	-0.487984956082652	0.625560496974987	0.755062306478909
"tRNA-Leu-TAA-1-1"	143.169905349283	-0.177394551196972	0.195596193502961	-0.906942758036275	0.364437068448084	0.530908321936715
"tRNA-Leu-TAA-2-1"	44.9969345595665	0.102331423153553	0.359212233609016	0.28487733317272	0.7757381222624	0.847372508840022
"tRNA-Leu-TAA-4-1"	69.2632044564415	-0.420744786628483	0.267528986422622	-1.57270728773974	0.115786611585322	0.243978931554785
"tRNA-Leu-TAA-5-1"	0	NA	NA	NA	NA	NA
"tRNA-Lys-TTT-13-1"	41.8171309114474	1.1158898865289	0.337490603188839	3.30643246355668	0.000944921260165252	0.00768970404824136
"tRNA-Lys-TTT-4-1"	1019.89121167165	0.197602357298589	0.148089468007601	1.33434443351804	0.182091001735986	0.344861768517606
"tRNA-Lys-TTT-6-1"	393.002367516034	-0.259669946370548	0.159951031627661	-1.62343402057585	0.104496657077912	0.228160610572481
"tRNA-Lys-TTT-7-1"	20544.8439879096	0.0683627627542185	0.11718082704899	0.583395462174353	0.559627111914236	0.714866736699676
"tRNA-Lys-TTT-9-1"	227.109253884914	-0.406637206501435	0.179672485949856	-2.26321355967057	0.0236225277491101	0.0790261818297606
"tRNA-Met-CAT-3"	2585.08480716259	-0.153945214541555	0.176464614316367	-0.872385747918621	0.38299797291034	0.534061155270095
"tRNA-Met-CAT-4"	12.7204688210456	-0.244151422844803	0.530114400277623	-0.460563649500825	0.645111696299867	0.761231801633843
"tRNA-Met-CAT-5"	8.99999074940709	-0.0884919983409332	0.592253811763819	-0.14941566703875	0.881225649988981	NA
"tRNA-Met-CAT-7-1"	0.887668681143952	3.32328410222812	2.05489578539688	1.61725189464354	0.105823918581997	NA
"tRNA-Phe-GAA-11-1"	91.5930214409547	0.379718441222961	0.264530885432205	1.4354408582671	0.151161510032071	0.301925296641998
"tRNA-Phe-GAA-3-1"	208.116146373975	-0.310938799597751	0.17322348871099	-1.79501522519575	0.0726512742024309	0.176759801152306
"tRNA-Phe-GAA-4-1"	5.06744550976863	-0.76706367521592	0.825829929189213	-0.928839762406057	0.352972134455457	NA
"tRNA-Phe-GAA-5-1"	133.88401103665	-0.207958580003418	0.205127925926183	-1.0137994574091	0.310678454271314	0.489273188800342
"tRNA-Phe-GAA-6-1"	3.41636829614826	2.12105106691127	1.09461455140159	1.9377150287244	0.0526579993657993	NA
"tRNA-Phe-GAA-7-1"	2.31172464390859	2.64972950190053	1.45414729540103	1.8221878280699	0.0684264908236821	NA
"tRNA-Phe-GAA-8-1"	0	NA	NA	NA	NA	NA
"tRNA-Pro-CGG-2-1"	194.363666736462	-1.13185564222603	0.208772856377625	-5.42146935125872	5.91111328147638e-08	2.32503789071404e-06
"tRNA-Ser-AGA-1-1"	90.1883098286621	0.431575040312847	0.22886442837581	1.8857235411183	0.0593322188722188	0.155582262820485
"tRNA-Ser-AGA-3-1"	59.9498358558445	0.654571199945428	0.286585682182869	2.28403315531915	0.0223695824718012	0.0788077140900645
"tRNA-Ser-AGA-4-1"	136.290303406003	-1.13833573267178	0.203923855933814	-5.58216069159286	2.37548740080564e-08	1.40153756647533e-06
"tRNA-Ser-CGA-2-1"	8.74838682578037	-0.596393777947901	0.667091490366514	-0.894020964980725	0.371310674109972	NA
"tRNA-Ser-CGA-3-1"	24.1442015703324	0.0454719916551442	0.410895584221645	0.11066556419992	0.911881553990039	0.935669768441953
"tRNA-Ser-GCT-1-1"	68.2243008566108	-0.520482267689683	0.244940862146632	-2.12493033268618	0.0335924265051597	0.101638623784842
"tRNA-Ser-GCT-2-1"	236.76129819119	-0.451863779465037	0.197462700085535	-2.28835004924628	0.0221171440531609	0.0788077140900645
"tRNA-Ser-GCT-5-1"	217.517237897877	-0.234224040066015	0.160204226395502	-1.46203408821299	0.143731868871598	0.29496279177128
"tRNA-Ser-GCT-6-1"	1588.00416948413	-0.237218125245198	0.163534664845264	-1.45056783813788	0.146900236412603	0.296896161001325
"tRNA-Ser-TGA-2-1"	60.252988090657	0.308598824518718	0.260712356529019	1.18367548292391	0.236541547656551	0.407473030999606
"tRNA-Ser-TGA-3-1"	64.1370297118938	0.0702235178211403	0.242086339997174	0.290076333187407	0.771757841135838	0.847372508840022
"tRNA-Ser-TGA-4-1"	34.4707214532752	-0.0699169925253762	0.336287643005837	-0.207908301061668	0.835300567490273	0.881202210423836
"tRNA-Thr-AGT-2"	847.052894331723	-0.153727215028102	0.176848420668935	-0.869259756160807	0.384705069474221	0.534061155270095
"tRNA-Thr-AGT-3-1"	246.522065991647	0.370280513716562	0.198212051688031	1.86810292594797	0.0617477258018273	0.156828081451624
"tRNA-Thr-AGT-4-1"	8.30264872807515	-0.335553636579947	0.615883019032602	-0.54483339564552	0.585868107940375	NA
"tRNA-Thr-AGT-6-1"	11.2226745961355	0.0252957913814142	0.552986974405773	0.0457439190291896	0.963514358104391	NA
"tRNA-Thr-CGT-1-1"	129.704680025364	0.666004834007216	0.21909456575241	3.03980535400336	0.00236731090383189	0.0164319227442449
"tRNA-Thr-CGT-3-1"	96.2422213338441	-0.532199112867141	0.214774417866418	-2.47794461814419	0.0132141654437284	0.0556882686557126
"tRNA-Thr-CGT-5-1"	141.598128644919	-0.324968835847366	0.188399028147564	-1.7248965615302	0.0845461153586197	0.201544274996305
"tRNA-Thr-TGT-1-1"	49.4197857875419	-0.104801798454822	0.278196229559002	-0.376718975023328	0.706382460002515	0.817187551767615
"tRNA-Tyr-GTA-1-1"	888.967581780766	-0.0658976880603029	0.135638586372934	-0.485832902144228	0.627085644363839	0.755062306478909
"tRNA-Tyr-GTA-3-1"	5750.0423132632	0.200550430925406	0.144487951552769	1.38800798800281	0.165134612729346	0.324764738367713
"tRNA-Tyr-GTA-6-1"	1725.59735419585	-0.2070036658807	0.155337024440012	-1.33260995971144	0.182659835019918	0.344861768517606
"tRNA-Tyr-GTA-8-1"	1341.62604619423	0.135066299107811	0.133310530850277	1.01317051433473	0.310978721695133	0.489273188800342
"tRNA-Val-AAC-3-1"	7344.77264812241	0.139833980223981	0.11957834786393	1.16939214098442	0.242245674765492	0.414275211917798
"tRNA-Val-AAC-4-1"	1077.74202237606	-0.480187590071052	0.141760418332058	-3.38731781212909	0.00070579576405566	0.00640645385835138
"tRNA-Val-AAC-5-1"	216.628204695777	0.371899908320946	0.204237654008073	1.82091745093315	0.0686194060571194	0.170465050836633
"tRNA-Val-CAC-2-1"	21125.9517674969	0.421686480991815	0.104891937178946	4.02019919102474	5.81489544976846e-05	0.000807244309497269
"tRNA-Val-CAC-6-1"	73.0011201714368	0.0786998037288542	0.255321795772801	0.308237702506547	0.757901465701013	0.847372508840022
"tRNA-Val-CAC-7-1"	2.14866688703406	-0.584910700775774	1.31661608229935	-0.444253042811296	0.656859646670406	NA
"tRNA-Val-CAC-9-1"	6.95486244894481	0.207829881504206	0.813171673053933	0.255579342457521	0.798275671069382	NA
"tRNA-Val-TAC-4-1"	60.2579437044148	0.208955141892745	0.257585027429941	0.811208415246798	0.417245993792772	0.575848272135054
"tRNA-Arg-CCT-4-1"	7749.11337591984	-0.923156138004811	0.195241718632218	-4.72827295555508	2.26437644170075e-06	4.85811672946707e-05
"tRNA-Cys-GCA-1-1"	37.6066548885551	-0.0876264852362427	0.31247799147821	-0.280424502288038	0.779151840755444	0.847372508840022
"tRNA-Cys-GCA-10-1"	6.22267701389734	0.359060267450303	0.742021514982325	0.483894685262402	0.628460612415561	NA
"tRNA-Cys-GCA-11-1"	5.58656454083187	-0.756723593877704	0.811573332881075	-0.932415547947275	0.351121812704269	NA
"tRNA-Cys-GCA-12-1"	8.77855430539185	0.349080698056226	0.648358777743855	0.538406681669291	0.590296314490156	NA
"tRNA-Cys-GCA-13-1"	8.02567456553314	0.0958252516963298	0.659366089805514	0.145329359786449	0.884450835036854	NA
"tRNA-Cys-GCA-15-1"	10.2437747046944	-0.451953946606844	0.583690668003699	-0.774303875976959	0.438751112120965	NA
"tRNA-Cys-GCA-16-1"	2.47994400803701	-0.509675730718779	1.24598157853279	-0.409055590788868	0.682498865545574	NA
"tRNA-Cys-GCA-17-1"	98.5878913503392	-0.403669808388351	0.237406842597625	-1.70032929115072	0.0890690037937285	0.209727703411336
"tRNA-Cys-GCA-18-1"	2.17868416435898	0.362038133778173	1.30267503306941	0.277918993292691	0.781074543507307	NA
"tRNA-Cys-GCA-19-1"	1.79580585957971	-2.03038336373417	1.51571075360477	-1.33955859249885	0.180388893414977	NA
"tRNA-Cys-GCA-20-1"	8.40321049229542	0.239151363450593	0.617804247594872	0.387098930416253	0.698682969416011	NA
"tRNA-Cys-GCA-21-1"	28.86156636921	-0.223846402895874	0.38484287626737	-0.581656610269062	0.560798003319525	0.714866736699676
"tRNA-Cys-GCA-22-1"	7.77713519298127	0.50995485531683	0.645986418440129	0.789420397642762	0.429866337973407	NA
"tRNA-Cys-GCA-23-1"	6.64027772271339	0.378083456651136	0.732065053772581	0.516461555844993	0.605532082854319	NA
"tRNA-Cys-GCA-3-1"	1.17842088966922	-1.17357944905917	1.81662388937088	-0.646022248152637	0.518264947139736	NA
"tRNA-Trp-CCA-5-1"	3.50348748524854	1.10116762839571	0.981658453171213	1.12174211390777	0.261972104797086	NA
"tRNA-Glu-CTC-5-1"	0.317237265976486	0.129120979733666	3.30135155274674	0.0391115510331629	0.968801451624008	NA
"tRNA-Met-CAT-1-1"	319.619192732794	0.242479894142035	0.147279120926109	1.64639694083786	0.0996820625112839	0.224047302406314
"tRNA-Tyr-GTA-9-1"	6.2986381929596	-0.312336196669899	0.745473124981797	-0.418977138414649	0.675232840406832	NA
"tRNA-Arg-TCG-6-1"	11.5698387562593	-0.160364246371881	0.618041346729013	-0.259471712079798	0.795271305295046	0.855566981444515
"tRNA-Asp-GTC-4-1"	22.7428324379188	0.080786650463336	0.387717303737204	0.208364830985448	0.834944114462303	0.881202210423836
"tRNA-iMet-CAT-3-1"	0	NA	NA	NA	NA	NA
"tRNA-Ile-GAT-1"	1.56690524479777	-2.91401249422398	1.74616381494588	-1.66880820074392	0.095155396966151	NA
