""	"RC12_Control"	"RC14_Control"	"RC15_Control"	"RC17_Treated"	"RC18_Treated"	"RC19_Treated"
"tRNA-Ala-AGC-20-1"	0	0	0	0	0	0
"tRNA-Arg-TCT-1-1"	13.0026152371488	12.865914130422	12.7656302157913	12.9021650144235	12.7986507997194	12.8484680825562
"tRNA-Arg-TCT-4-1"	4.97589022455587	3.89350423780361	3.46106414222181	2.21289610908372	4.63117174947149	3.69975516071522
"tRNA-Asn-GTT-1-1"	10.1228892889646	9.97766102726697	10.0475536379838	9.94421060796532	9.95032983330336	9.91065113961111
"tRNA-Asn-GTT-10-1"	6.77542204229269	7.11572549438954	6.90867131527231	7.57042192338891	7.42814527055235	6.84475488290182
"tRNA-Asn-GTT-11"	0.965084043715203	0	0	0	0.96439593659873	0
"tRNA-Asn-GTT-12-1"	5.76346271416825	6.57376756950142	6.00176763415486	7.04327666966605	7.07815866516338	6.42553176182174
"tRNA-Asn-GTT-13-1"	0	0	0	0	2.26453205239236	0.999629238382286
"tRNA-Asn-GTT-15"	0	1.51004795498517	0	1.14536224395968	0.96439593659873	2.3213348305546
"tRNA-Asn-GTT-16"	0	0	0	0	0	0
"tRNA-Asn-GTT-16-1"	0	0	0	0	0	0
"tRNA-Asn-GTT-17-1"	12.5210698660485	13.3259585784624	12.9883486030289	13.5117517182191	13.3618741800351	13.2817677621469
"tRNA-Asn-GTT-18-1"	0	0	0	0	0	0
"tRNA-Asn-GTT-19-1"	0	0	0	0	0	0
"tRNA-Asn-GTT-2"	12.9696003745232	13.7046075524948	13.3311714113173	13.935378268214	14.0815261756154	13.7927601411605
"tRNA-Asn-GTT-20-1"	1.94730397899216	2.90085381209014	0	0	2.26453205239236	1.99944382183622
"tRNA-Asn-GTT-21-1"	0	0	0	0	0.96439593659873	0.999629238382286
"tRNA-Asn-GTT-22-1"	0	1.51004795498517	0	0	0	0
"tRNA-Asn-GTT-24-1"	12.2057318995574	12.6862246330797	12.4359022787172	13.2487420158721	13.1321642149374	13.1051669741718
"tRNA-Asn-GTT-25-1"	7.8122520977164	8.62786085586326	8.24496373521511	9.01152659938935	9.20878056671466	9.01885053911914
"tRNA-Asn-GTT-27-1"	0	0	1.00089811656989	2.21289610908372	1.53729244276706	0
"tRNA-Asn-GTT-3-1"	10.1772891521197	11.0314646816906	10.4090621171591	11.358110525278	11.4534368151878	11.3312952175648
"tRNA-Asn-GTT-4-1"	9.95173953535227	10.2393544483044	10.0651890785169	10.5227543253133	10.5361931136437	10.4401280827436
"tRNA-Asn-GTT-5-1"	4.83860592271299	4.69769784445423	4.32363403861569	4.43324544838475	4.88447047692515	5.16920398856317
"tRNA-Asn-GTT-6-1"	7.93520851469778	8.28307339626654	8.06787816871856	9.01491062674291	9.06244880721013	8.69969988279233
"tRNA-Asn-GTT-7-1"	12.5979766038594	12.5058973208963	12.6123588913653	12.8384169801011	12.5563481419013	12.7358718208417
"tRNA-Asn-GTT-8-1"	3.7418233437957	3.80088597158461	3.5866086209105	4.26154959940884	4.10191795327357	4.52285258972716
"tRNA-Asn-GTT-9-1"	2.74697127843254	3.48092075910606	2.80889420832832	2.8196851939079	3.25719429172918	3.4587574357175
"tRNA-Asn-GTT-9-1_B"	8.90386068801623	8.68079976055653	8.8091465907295	8.8389841431693	8.68294957740763	8.75748330936807
"tRNA-Asp-GTC-10-1"	0	0	0	0	0	0.999629238382286
"tRNA-Asp-GTC-2"	12.6409798274248	12.984162628288	12.9767477250212	12.6941608892748	12.8848208287162	12.8132400360866
"tRNA-Asp-GTC-9-1"	0	0	0	0	0	0
"tRNA-Cys-GCA-7-1"	5.60314745642136	5.61627157398077	5.61646889441694	5.17586319186788	4.63117174947149	5.42554038743264
"tRNA-Gln-CTG-10-1"	1.94730397899216	1.51004795498517	1.00089811656989	2.8196851939079	1.94625888977462	0
"tRNA-Gln-CTG-11-1"	4.32506577614015	5.81879565874662	5.17167082615186	6.36115626754113	6.13834315445369	5.58423633645368
"tRNA-Gln-CTG-3"	7.17770618963037	7.37862830134704	7.24018852917623	7.38410405243238	7.6561601177407	7.56911789404173
"tRNA-Gln-CTG-4"	8.27825245553152	7.93095993778417	7.85976893433169	8.40062599613961	8.64916531941303	8.54229219047562
"tRNA-Gln-CTG-7-1"	3.84101516769373	3.35628121420913	3.80902240808136	2.8196851939079	3.51900210080889	3.99930474378661
"tRNA-Gln-CTG-8"	6.03887625490327	7.34622177867699	6.32370133713201	7.42537829399962	8.19959322551743	7.62861874804298
"tRNA-Gln-CTG-9-1"	8.60190497827875	8.46762697466924	8.5486853359838	8.97376879628552	8.82891241352155	9.02162762104106
"tRNA-Glu-CTC-1"	15.0966045512248	14.7963888346713	14.8864431369983	14.8151633105878	15.0088354670084	14.7667187219705
"tRNA-Glu-CTC-2-1"	14.2711717928243	13.2201223889647	13.9407318826585	13.3451505802742	13.1520511012108	13.3479866067973
"tRNA-Glu-TTC-10"	5.10123839626751	4.74817840298752	4.08915294957741	2.8196851939079	3.7405177426767	4.4587237183
"tRNA-Glu-TTC-3-1"	10.2274221713086	9.71279601679116	10.0003843499196	9.83166273183387	9.94198290312839	9.92999647907026
"tRNA-Glu-TTC-4"	11.1683337883331	11.0416197111052	11.1521768536929	11.2488273829302	11.2749869657333	11.1458273844186
"tRNA-Glu-TTC-6-1"	5.21656099452783	4.88981536235594	5.4280186945926	6.0541733909164	5.68414706535476	5.83216140975953
"tRNA-Glu-TTC-7-1"	1.53821754842504	2.23155225728573	1.58615986527912	2.21289610908372	1.53729244276706	1.99944382183622
"tRNA-Glu-TTC-8-1"	6.64423748889074	6.26258344793705	6.41116549792972	6.90421470017599	5.99508329836516	6.26605455600549
"tRNA-Gly-CCC-1"	16.4667790754593	15.7004512023602	16.0198871330081	15.9498576506955	15.6321742378532	16.0994689968997
"tRNA-Gly-CCC-4-1"	12.5666175473364	12.8229540875965	12.6343362683252	13.0108115400423	13.2228061626736	12.8935078417612
"tRNA-Gly-CCC-5-1"	14.4229730396738	14.4278236447738	14.5274999135835	14.5674157647891	14.3073404531897	14.3881502047311
"tRNA-Gly-CCC-6-1"	16.5216138171494	15.8888020196751	16.5066146427207	16.115993634102	15.6481098276348	16.0037861189761
"tRNA-Gly-CCC-8-1"	0	2.49069531040667	1.00089811656989	2.54795973995369	2.74577044448227	2.5843445117461
"tRNA-Gly-GCC-1"	13.7903938275794	13.8543412048726	13.754280730239	13.8025418355738	13.6701004771447	13.857045084928
"tRNA-Gly-GCC-2"	14.5865116379525	14.1888332084426	14.5454920471104	14.2682070934938	14.0663268307602	14.3390388440262
"tRNA-Gly-GCC-4-1"	4.78977946665593	5.05932990590627	4.85971478689858	5.88695975828962	5.3890020551133	5.42554038743264
"tRNA-Gly-TCC-2"	13.6497654585466	13.2273692692423	13.4985244905146	13.2981855109525	13.0620045496156	13.3028965243634
"tRNA-Gly-TCC-4-1"	10.3928777408626	9.64946575272426	10.1451773016751	9.90279886952711	9.53346535787573	9.81943816445751
"tRNA-His-GTG-1"	14.3692660224434	14.1209406078029	14.3352305027411	14.0738370376686	14.080496728429	14.2375138659451
"tRNA-His-GTG-2-1"	3.10725565437576	1.91544158183714	2.58645905120918	2.21289610908372	1.53729244276706	2.3213348305546
"tRNA-iMet-CAT-1"	13.2233555794417	13.5282908391654	13.396124216251	13.8485488687119	13.7812054758158	13.6451419938486
"tRNA-Leu-CAA-4-1"	13.6581845025967	12.983504320486	13.1757848543782	12.8006835590225	12.8480672011925	12.9875881219766
"tRNA-Leu-CAA-6-1"	5.88466658025731	5.41225274244162	5.7831227592262	5.22344183688516	5.13934132781384	5.5228364637108
"tRNA-Leu-CAG-1"	7.99566158597101	8.22633272296991	8.26857638858407	8.12806563747712	8.07281042115551	7.75414931791836
"tRNA-Lys-CTT-12-1"	0.965084043715203	0.944181930508006	0	0	0.96439593659873	1.58446813072053
"tRNA-Lys-CTT-13-1"	0	0	0	0	0	0
"tRNA-Lys-CTT-2"	14.9489818265762	14.4472308426239	14.849391324316	14.4396297092071	14.3857880473877	14.3598997787643
"tRNA-Lys-CTT-7-1"	6.55939039398582	6.26258344793705	5.97904711256735	5.69779325513997	6.48326617406059	5.99926997217921
"tRNA-Lys-TTT-3"	14.7600177955729	14.7243401564306	14.7397822808169	14.9298525996047	14.8873066086394	14.9008324286959
"tRNA-Lys-TTT-8-1"	4.32506577614015	4.21395791418385	3.70209734304982	4.58666365649818	3.6340072724206	4.39161112805064
"tRNA-Lys-TTT-14-1"	2.52629076132835	2.23155225728573	1.00089811656989	3.24551339066312	2.52512468242951	3.3212606553565
"tRNA-Pro-AGG-2"	10.3918556765562	10.3568594105713	10.276754698134	9.95129285415129	10.1639664263793	10.0599550077225
"tRNA-Pro-CGG-1"	9.4529624542526	8.86649123944642	9.17171756027382	8.60305259292531	8.43192034375445	8.47093568545105
"tRNA-Thr-TGT-2-1"	12.9553153820679	13.0818094463576	13.0353905288175	12.6152613701322	12.5140390407733	12.6045065020744
"tRNA-Val-AAC-7-1"	0	0	0	0	0	0
"tRNA-Val-CAC-1"	13.3461062053542	13.69337958099	13.4521046595952	13.8184849595041	13.9470517034527	13.8060094223728
"tRNA-Val-CAC-10-1"	0.965084043715203	1.51004795498517	1.58615986527912	1.14536224395968	1.53729244276706	0.999629238382286
"tRNA-Val-CAC-11"	10.0599372510828	9.84333828087223	9.89053703028985	10.2897897275552	10.1615720130808	10.1451911820076
"tRNA-Val-CAC-13-1"	0.965084043715203	2.23155225728573	3.46106414222181	0	1.94625888977462	0
"tRNA-Val-CAC-14-1"	10.4733490337412	10.4870354458062	10.4936475244946	10.7212078780448	10.759238750237	10.6628169430167
"tRNA-Val-CAC-4-1"	13.3542622116576	13.685508159207	13.4575080187239	13.8692620029098	13.9437459710532	13.8301697121064
"tRNA-Asn-GTT-26-1"	7.07955935483758	6.60149066355963	6.76996353523997	5.8266187984734	5.57322518800216	6.12855199563736
"tRNA-Glu-TTC-14-1"	8.97928730980813	8.60749699388509	8.89660966761038	8.68605799971422	8.67625572083677	8.92703786676087
"tRNA-Ser-TGA-1-1"	10.7716918605186	9.94827401377859	10.5707006474803	9.2627535981835	9.18067756740587	9.51495923314139
"tRNA-Val-TAC-3-1"	11.4106223005747	11.2508438225157	10.9862132474229	11.2581382438721	11.5352449371433	11.2875480202431
"tRNA-Ala-TGC-8-1"	0.965084043715203	0	0	0	0	0
"tRNA-Arg-TCT-3"	10.4489876629269	10.2338293389932	10.2257958481171	10.1658865285643	10.2385619265578	10.2340764281837
"tRNA-Leu-TAA-3-1"	8.98742971368783	9.63444766240625	9.49764821573435	8.88409258491554	9.31817007243239	8.89710539261738
"tRNA-Lys-CTT-15-1"	0	0	0	0	0	0
"tRNA-Lys-TTT-2-1"	6.19702930984226	6.47231336221909	6.1716957512053	6.0802507965153	6.17679102521986	6.14901594894078
"tRNA-Lys-TTT-5-1"	12.3111289246692	12.5883074976486	12.5001459721603	12.6878145096962	12.772998934446	12.7468221195804
"tRNA-Phe-GAA-1"	11.2031269154382	10.9509151156037	11.1547134623987	10.9274066778011	10.7718522044574	10.9936121819479
"tRNA-Phe-GAA-2-1"	8.89523124710637	8.29585644938022	8.83151446538441	7.95565802212308	7.87655748345788	8.22326253662033
"tRNA-Pro-TGG-2-1"	7.22438424839293	7.33800511742413	7.14133429937143	7.20607677138237	7.3120379127703	6.88190771732388
"tRNA-Ser-AGA-6-1"	0.965084043715203	2.23155225728573	1.58615986527912	2.54795973995369	0	1.58446813072053
"tRNA-Ser-GCT-3-1"	10.5086653475669	9.98162236591228	10.2366116162432	9.91733816594076	9.5664196102373	9.84160953294177
"tRNA-Val-TAC-1"	12.6336488800713	12.9951448622777	12.5968197029465	13.272969127178	13.4896623028999	13.3063169230042
"tRNA-Val-TAC-2-1"	13.8510546980044	13.9600980662325	13.8514938546793	14.3418007471659	14.3421170704852	14.3282838793787
"tRNA-Ala-TGC-3"	10.4578052200937	11.0295526301305	10.9617967055714	10.7055865358083	10.6869895296981	10.6139686986649
"tRNA-Ala-TGC-4-1"	10.1521575886513	9.48245987729371	9.6742188171432	9.65640890114423	9.57723918059665	9.54422380729719
"tRNA-Asp-GTC-1-1"	10.314139996214	11.2475576022923	10.8323098958833	11.0026267002711	11.1294336662193	10.9943192119436
"tRNA-Asp-GTC-8-1"	0	0	0	0	0.96439593659873	0
"tRNA-Gln-CTG-12-1"	3.25845789531397	3.21984656867743	2.58645905120918	2.21289610908372	0.96439593659873	2.9993511046262
"tRNA-Ile-AAT-11-1"	0	0	0	0	0	0
"tRNA-Lys-TTT-11-1"	2.52629076132835	2.7103017538625	2.58645905120918	3.41901743004833	2.74577044448227	3.16926580378846
"tRNA-Ser-CGA-4-1"	5.8612267506665	5.38060102517052	5.90865636039527	4.72532396978708	5.13934132781384	5.16920398856317
"tRNA-Trp-CCA-4-1"	7.3726619179084	7.46416613586261	7.06787147256246	7.43551495484341	7.04736385274199	7.42552744899695
"tRNA-Glu-CTC-3-1"	3.25845789531397	0.944181930508006	3.00157133727699	2.21289610908372	1.94625888977462	2.9993511046262
"tRNA-Glu-TTC-1"	12.1185244023714	12.7659074299942	12.3419236019808	12.8543248760695	13.1506935616898	12.6721257714911
"tRNA-Glu-TTC-2"	13.9423673472731	13.6076522669585	13.8826226314568	13.8952012381927	13.8602026943525	13.8855265833203
"tRNA-Ala-AGC-15-1"	1.94730397899216	1.91544158183714	2.00134696527864	2.8196851939079	3.10600835046562	2.3213348305546
"tRNA-Arg-ACG-1"	14.4705832421642	13.98193286669	14.210563380383	13.7334847442417	13.7602915782975	13.7768219847144
"tRNA-Cys-GCA-8-1"	4.4560109576385	5.01878175065176	4.32363403861569	3.9583044434	4.17970485962174	5.16920398856317
"tRNA-Glu-TTC-11-1"	0	0	0	0	0	0
"tRNA-Ile-AAT-5"	10.363982633385	10.7749227772352	10.627503381654	10.7045390742217	10.7773361014887	10.6521038152101
"tRNA-Leu-AAG-2"	9.62982885750849	9.48245987729371	9.80431002992294	9.1441477500724	8.99142420756857	9.31893166329445
"tRNA-Leu-TAG-2-1"	7.12946722995989	6.13560289200165	6.80913457352103	6.36115626754113	6.33815149910175	6.50706117338218
"tRNA-Leu-TAG-4-1"	0	0	0	0	0	0
"tRNA-Lys-CTT-1"	16.9975245434453	15.6744806129764	16.5704346639149	15.9323203049602	15.5417394042996	15.7666152488826
"tRNA-Pro-TGG-1-1"	8.19163290038544	7.93095993778417	8.19161408750841	8.01093381888718	8.24553531125176	8.12338235209821
"tRNA-Pro-TGG-3"	11.1978734232833	10.8705939769938	11.0502817010893	11.1953969381084	11.1392020573277	11.197703738573
"tRNA-Thr-TGT-3-1"	8.72062849529835	8.73812253925987	8.52142703741871	9.37498099836451	9.51107009225478	9.39800317237152
"tRNA-Thr-TGT-4-1"	10.5659721862177	9.72545017791914	10.1489990168251	9.53202498441283	9.78128041438415	9.50705404062417
"tRNA-Thr-TGT-5-1"	6.12011885644783	6.50203553593376	6.24969957503956	5.88695975828962	6.43649788049359	6.08673213162495
"tRNA-Tyr-GTA-4-1"	8.33890608667412	8.40607613126021	8.08393809374167	8.74021878607323	8.81983028564012	8.56150276813508
"tRNA-Tyr-GTA-5"	14.2628802390829	14.1943196735069	14.2189202476093	14.4956567741749	14.4579345456307	14.4678188223543
"tRNA-Tyr-GTA-7-1"	6.61650589163187	6.53115771828793	6.57163239251581	7.00294716494536	6.83539756812775	6.89408237844232
"tRNA-Arg-TCG-1-1"	11.4371215748734	11.0096449422757	11.2203581575094	10.8891951908943	10.763192314002	10.9527277177703
"tRNA-Cys-GCA-5-1"	5.99647231254904	5.99635783461131	5.80911855042069	5.88695975828962	5.60176537290897	5.9300078797752
"tRNA-Gln-CTG-1"	13.8093686292639	13.9428463620539	13.6887337099812	14.2788023221618	14.3877740351558	14.376740104493
"tRNA-Lys-CTT-16-1"	4.4560109576385	2.7103017538625	4.08915294957741	4.16737664220951	3.51900210080889	3.80666628891251
"tRNA-Ser-GCT-4"	11.7406969064725	11.6038286367734	11.8006719388543	11.5394016018256	11.5278275877398	11.4323224148646
"tRNA-Arg-CCG-1"	10.5394504731229	10.4503447868304	10.6375126667734	10.7580231012046	10.8430616646625	10.842394696384
"tRNA-Arg-CCT-3-1"	9.44707028923299	9.33955669661742	9.65104961708528	9.40366245336656	9.2544355806699	9.34798767343196
"tRNA-Arg-CCT-5-1"	4.83860592271299	3.70191139414549	4.32363403861569	3.9583044434	3.93250488615661	3.16926580378846
"tRNA-Gly-CCC-2"	11.1363470228452	11.2248991646555	11.0998269386612	11.1796527704567	11.2351209129954	11.2430277193197
"tRNA-Gly-GCC-3-1"	14.4112938023601	13.9560771002285	14.3563893468281	14.1218039056553	13.8381636828197	14.1680088769592
"tRNA-Gly-GCC-5-1"	11.7366771912723	11.7441299483593	11.7520834210609	11.5574988295988	11.686135484655	11.8158422949029
"tRNA-Leu-CAG-2"	11.7700997298243	11.1352791670567	11.6978933044864	10.6237294045872	10.5091397702152	10.7322741389887
"tRNA-Leu-TAG-3-1"	9.84226655108814	9.41570792546391	9.63478861137921	9.37234509601288	9.20180597189183	9.31893166329445
"tRNA-Lys-CTT-14-1"	5.51577332267752	5.69558644580426	5.88440830720089	5.17586319186788	5.60176537290897	5.35682847886888
"tRNA-Lys-CTT-3-1"	11.5109970511612	11.5017844293968	11.6201806058563	10.969000446319	10.8534833799701	11.0986065299684
"tRNA-Lys-CTT-4-1"	16.3416411706664	14.2751488342546	15.7076979683065	14.4187044357018	14.0473225899177	14.1010699934726
"tRNA-Lys-CTT-5-1"	8.21493649208303	8.47513942142142	8.18169857625871	8.33174288415575	8.19959322551743	8.09201823962425
"tRNA-Lys-CTT-8-1"	0.965084043715203	0.944181930508006	2.80889420832832	1.14536224395968	3.25719429172918	3.58428269828649
"tRNA-Lys-TTT-1-1"	6.46923978013451	6.55970365437874	6.23059043725205	6.75030455066387	7.18576196433004	6.7541527522079
"tRNA-Met-CAT-2-1"	1.53821754842504	0	2.32336481315278	3.24551339066312	1.53729244276706	1.58446813072053
"tRNA-Met-CAT-6-1"	7.57352049052766	7.71952668107953	7.67421221948077	7.44558089014495	7.62173504327692	7.57669109330544
"tRNA-Pro-AGG-1-1"	8.72712639756128	8.49744486105435	8.5409496614069	7.68531516480477	7.46744721600628	7.66459795287018
"tRNA-Pro-TGG-4-1"	1.53821754842504	0	0	1.14536224395968	0	0.999629238382286
"tRNA-Thr-CGT-2-1"	11.1659442804778	12.1775991873311	11.5390134711028	12.2311785798661	12.6263896869345	12.2930175388664
"tRNA-Arg-CCG-2-1"	8.77494961360495	8.49375115442309	8.52926781713898	8.08363735101976	8.09305546415429	8.00488581706524
"tRNA-Arg-CCT-1-1"	7.85441270935905	7.29620484795304	7.41963769474616	7.49488329030272	7.42015474869306	7.40014220713617
"tRNA-Arg-CCT-2-1"	13.9657375779648	13.4385558423695	13.7318410451957	13.4361493741879	13.4740681079946	13.7880787057975
"tRNA-Arg-TCG-3-1"	9.12418255106419	8.869344772841	9.28024224281702	8.86921259971119	8.7609430819743	8.74745295618325
"tRNA-Arg-TCT-2-1"	9.15342488978178	9.33130187847312	9.14389955547718	8.81976458539776	8.81983028564012	8.78716261914896
"tRNA-Cys-GCA-14-1"	4.78977946665593	4.69769784445423	4.85971478689858	4.43324544838475	5.17776295740252	4.9061737038268
"tRNA-Cys-GCA-2"	9.80436056359826	9.88058663763556	9.91018642777298	9.59668663949823	9.75927933116132	9.82898193171793
"tRNA-Cys-GCA-24-1"	0.965084043715203	0	0	0	0	0.999629238382286
"tRNA-Cys-GCA-4-1"	7.88379050558529	7.98983567800148	8.02969479524068	8.09006863140434	7.98345130889783	7.91215079573028
"tRNA-Gln-TTG-1-1"	10.6349778272813	11.117387502579	10.6128193242775	11.1235463385024	11.6408697719826	11.0006669377081
"tRNA-Gly-CCC-3-1"	4.83860592271299	4.35092491193283	4.64558008008103	4.34995021893539	4.01969672598116	4.32122356632727
"tRNA-Gly-TCC-3-1"	11.9055261264063	11.6752765601446	11.7695658085202	11.6599390194746	11.5812068256587	11.6725676841496
"tRNA-Ile-AAT-4-1"	8.25595724997834	8.01066300542334	8.38116865238592	7.7517244469579	7.59359103973776	7.46686812254646
"tRNA-Leu-TAG-1-1"	12.8094691198166	11.9022574774415	12.5718882534649	11.6436361329814	11.236259110982	11.7566486050957
"tRNA-Ser-AGA-2"	9.96966058324316	10.1634999137367	10.1928533537949	10.2400526246763	10.2722437092899	10.2160048630214
"tRNA-Ser-CGA-1-1"	8.30455971639836	8.26585120487329	8.09982120785212	8.50538673151394	8.45947221311018	8.3030414771298
"tRNA-Thr-AGT-1"	9.05355321258022	10.1162361293228	9.40267245599493	10.2487016847573	10.4377166421833	10.1077835101638
"tRNA-Thr-AGT-5-1"	7.09973015213159	7.30466235235035	7.60911678524791	7.27543653531312	7.00525413276479	6.93000179941044
"tRNA-Thr-AGT-7-1"	0.965084043715203	0	0	0	0.96439593659873	0
"tRNA-Thr-CGT-4-1"	11.77206496007	12.5915511712309	11.8659813376673	12.6249824632072	12.9096457109766	12.489858723375
"tRNA-Trp-CCA-1-1"	6.76282753007961	7.03669840481099	6.8346699467336	7.10808406744936	6.99453181204227	6.88190771732388
"tRNA-Trp-CCA-2-1"	9.11677840606509	9.06871532550789	9.36592760623903	9.01491062674291	8.88804132583327	8.89407770318694
"tRNA-Trp-CCA-3"	7.58787219732966	7.87526817115725	7.76997176722484	7.78381684701334	7.78619059793484	7.83846540889192
"tRNA-Gly-TCC-5-1"	0.965084043715203	1.91544158183714	1.00089811656989	1.14536224395968	0	0
"tRNA-Gly-TCC-6-1"	0.965084043715203	1.51004795498517	1.58615986527912	0	0	0
"tRNA-Lys-CTT-6-1"	7.70441993598724	7.30466235235035	7.64564289134592	7.54255636604883	7.62173504327692	7.70662106285996
"tRNA-Gly-TCC-1-1"	11.3561172663578	11.1035187032749	11.2431822971382	11.2645492032382	11.1065876738858	11.2418373770617
"tRNA-Ile-TAT-1-1"	5.60314745642136	5.58883376691984	5.75664994362316	5.97298780377058	6.01644073198039	5.97655007965809
"tRNA-Lys-CTT-10-1"	5.88466658025731	5.28125308947045	5.93250359267593	8.01769672619484	8.01562558399599	8.29388149279651
"tRNA-Lys-CTT-11-1"	5.6311345368762	5.61627157398077	5.58672078801125	5.66370560642223	5.92904579894357	5.67169826863358
"tRNA-Lys-TTT-10-1"	5.01889446307621	5.86527665653877	6.11029412285213	7.05647314037939	5.3890020551133	6.80661992679591
"tRNA-Lys-TTT-12-1"	3.10725565437576	3.98053358294924	3.46106414222181	3.9583044434	3.51900210080889	3.69975516071522
"tRNA-SeC-TCA-1-1"	9.895158793727	10.0167932972425	9.7091526598654	10.0336740532107	10.0865653019153	9.94177364066734
"tRNA-Val-CAC-3-1"	13.4405667533285	13.5853730339833	13.385634775352	13.8529280904643	13.8071918916198	13.8607331064223
"tRNA-Ala-AGC-8"	6.78790755713987	7.21776973609466	7.01300901844477	7.14561562212914	7.41211972386902	7.45869421491326
"tRNA-Ala-CGC-3-1"	6.9742449975896	6.70734427074182	6.46120690018192	6.50285935712543	6.15769516567588	6.18909310207113
"tRNA-Gln-TTG-5-1"	0	0	0	0	0	0
"tRNA-Glu-CTC-7-1"	0.965084043715203	0.944181930508006	0	1.14536224395968	1.94625888977462	0.999629238382286
"tRNA-Ile-TAT-2"	7.4295482086688	7.65484482373475	7.41963769474616	7.6937854338915	7.70301557718022	7.57669109330544
"tRNA-Lys-TTT-15-1"	0	0	0	0	0	0
"tRNA-Tyr-GTA-2-1"	14.690076578951	15.2124089458095	14.6765395948459	15.2980346855124	15.4039425455771	15.3388300777323
"tRNA-Leu-AAG-6-1"	0	0	0	0	0	0
"tRNA-SeC-TCA-2-1"	2.26564961387546	3.06914880740913	3.00157133727699	2.21289610908372	1.94625888977462	1.99944382183622
"tRNA-Arg-ACG-2"	9.34514990551066	9.37813469862176	9.37248037037878	9.11920993139977	9.15201624136896	9.11820078836925
"tRNA-Asp-GTC-6-1"	0	0	0	0	0	0
"tRNA-Cys-GCA-25-1"	0	1.51004795498517	1.00089811656989	1.14536224395968	0	0
"tRNA-Cys-GCA-6-1"	3.93382363639751	3.06914880740913	3.32354430237693	3.57387737476902	1.94625888977462	2.80671927236434
"tRNA-Cys-GCA-9"	5.60314745642136	6.66855360057895	6.39409173322851	5.69779325513997	5.85983990977266	5.78063158235861
"tRNA-Leu-AAG-8-1"	0	0	0	0	0	0
"tRNA-Val-AAC-1"	12.7552645687175	13.0521360462847	12.8823355707461	12.9849466166849	13.0901329485554	13.0429693326548
"tRNA-Asp-GTC-5-1"	3.39530584527779	3.89350423780361	3.17152126678747	3.04825360733869	3.7405177426767	3.16926580378846
"tRNA-Leu-AAG-1"	5.45443834092574	5.05932990590627	4.46114571992875	4.72532396978708	4.88447047692515	4.64314424329437
"tRNA-Leu-AAG-7-1"	0.965084043715203	0	0	0	0	0
"tRNA-Lys-CTT-9-1"	2.52629076132835	1.51004795498517	2.32336481315278	2.21289610908372	1.53729244276706	0.999629238382286
"tRNA-Thr-TGT-6-1"	7.14895679149121	7.33800511742413	7.20145581129745	7.55190481525381	7.66970339072766	7.17917258738848
"tRNA-Val-AAC-2-1"	13.5888576485168	13.7776237606547	13.6139729169544	13.9120873004708	13.9548509868605	13.9184942153689
"tRNA-Ala-AGC-1-1"	8.02759855908632	8.28307339626654	8.14644757601173	7.80742617488446	7.96159611801571	7.78062146683785
"tRNA-Ala-AGC-10"	0	0	0	0	0	1.58446813072053
"tRNA-Ala-AGC-11-1"	5.8612267506665	6.29690139279433	6.41116549792972	6.00056041708838	6.28634437369045	6.30304851959347
"tRNA-Ala-AGC-12"	0	0	1.58615986527912	1.14536224395968	0	0
"tRNA-Ala-AGC-13"	1.94730397899216	1.91544158183714	0	2.8196851939079	3.10600835046562	3.16926580378846
"tRNA-Ala-AGC-14"	0	0	0	0	0	0
"tRNA-Ala-AGC-16-1"	0	0	0	0	0	0
"tRNA-Ala-AGC-17-1"	0.965084043715203	0	1.58615986527912	0	0	0
"tRNA-Ala-AGC-18"	4.97589022455587	5.13715955858939	4.95593409466474	5.69779325513997	5.3890020551133	5.67169826863358
"tRNA-Ala-AGC-19-1"	0	0	0	0	0	0.999629238382286
"tRNA-Ala-AGC-2"	11.7061669337276	12.7984604145603	12.2650645097142	12.8585689146163	13.0374035064251	12.7350260374775
"tRNA-Ala-AGC-21-1"	0	0	0	0	0	0
"tRNA-Ala-AGC-23-1"	5.6311345368762	5.17455447579822	4.32363403861569	5.02291960996409	4.88447047692515	4.9061737038268
"tRNA-Ala-AGC-24-1"	0	0	0	0	0	0
"tRNA-Ala-AGC-3-1"	5.65858900712295	5.41225274244162	6.21122478903605	5.22344183688516	5.25166637508797	5.04367497970687
"tRNA-Ala-AGC-4-1"	6.99593187878797	7.6281376416988	7.13106587300711	7.40488877067029	7.72263982238526	7.54615680823342
"tRNA-Ala-AGC-5-1"	5.95278418597041	5.28125308947045	5.97904711256735	4.96810993629675	4.97452395899479	5.16920398856317
"tRNA-Ala-AGC-6-1"	5.57460669122011	6.2798444597382	5.85974572853778	6.25067801162891	6.11872802597894	5.3212050214551
"tRNA-Ala-AGC-9"	0	0.944181930508006	1.00089811656989	0	0	0
"tRNA-Ala-CGC-1-1"	6.86063319229017	7.47169657862778	7.27790850182429	7.04327666966605	7.19515752520966	6.80661992679591
"tRNA-Ala-CGC-2-1"	9.89948018296163	9.86494492630614	10.2520926189274	9.96185145889163	9.79833463918712	9.65210427596095
"tRNA-Ala-CGC-4-1"	6.21563293141477	6.24511341476903	6.04616260322529	6.18008781924746	5.54410899135326	6.02163760688957
"tRNA-Ala-CGC-5-1"	7.31344016454524	8.0763473488996	7.43641352882142	7.54255636604883	7.86483063411006	7.53842118078114
"tRNA-Ala-TGC-1-1"	10.6800510915402	11.2109063384906	10.9890588024397	11.0708706387851	11.3909305301294	11.0640014925235
"tRNA-Ala-TGC-2-1"	7.16818657143833	7.66801527278227	7.32371255324619	7.68531516480477	7.68312070798093	7.40865368117175
"tRNA-Ala-TGC-5-1"	6.86063319229017	7.24439140570887	6.82195875567517	7.28667909554352	6.96187825493861	7.14901072496078
"tRNA-Ala-TGC-6-1"	8.93225830603778	8.30852723182631	8.92065520389253	8.35329011052253	8.09305546415429	8.29846875479234
"tRNA-Ala-TGC-7-1"	6.40584939762444	7.05686470317948	6.52533812425289	6.61414048388054	6.96187825493861	6.7541527522079
"tRNA-Ala-TGC-9-1"	0	0	0	0	0	0
"tRNA-Arg-TCG-2-1"	9.0509656512021	9.63108897147183	9.53122380017086	9.16866181851403	9.41984671366032	9.30304030338251
"tRNA-Arg-TCG-4-1"	5.93043377737856	5.58883376691984	5.90865636039527	5.73109404510382	5.99508329836516	5.75415962076247
"tRNA-Arg-TCG-5-1"	8.1487137024833	7.7874795626843	7.80914258500446	7.57042192338891	7.39591416293016	7.90012829323872
"tRNA-Arg-TCT-5-1"	6.19702930984226	6.15444169175129	6.26855890895296	5.88695975828962	6.09884252663233	5.9300078797752
"tRNA-Asp-GTC-3-1"	8.65739338997447	9.14840485717657	8.63478635122611	9.30483196632658	9.70276238967912	9.23527380355439
"tRNA-Gln-CTG-2-1"	13.6942824859383	13.8023773941467	13.5403482366811	14.1953246553808	14.2868889712636	14.2879082452122
"tRNA-Gln-CTG-5-1"	8.67430478137978	8.49004796658021	8.5486853359838	8.49573091233739	8.43588868643253	8.50705505959176
"tRNA-Gln-CTG-6-1"	10.125351120993	10.1412425679731	10.0932294158347	10.2167317127675	10.0751610520389	10.1779238725059
"tRNA-Gln-TTG-2-1"	9.35985961269887	9.6394710830534	9.27325579847279	9.39848987629571	9.57003515696229	9.45869105380032
"tRNA-Gln-TTG-3"	10.5550567544062	10.8461784485238	10.5419225077576	10.7149796239509	10.8059811253852	10.5700633068931
"tRNA-Gln-TTG-4-1"	5.06065383752343	3.70191139414549	4.08915294957741	3.9583044434	3.93250488615661	3.99930474378661
"tRNA-Gly-GCC-6-1"	2.26564961387546	0	0	0	1.53729244276706	0.999629238382286
"tRNA-Ile-AAT-1-1"	1.53821754842504	0	0	1.7756967313686	2.26453205239236	0.999629238382286
"tRNA-Ile-AAT-10-1"	0	0	0	0	0	0
"tRNA-Ile-AAT-12-1"	2.93833109380886	3.21984656867743	3.17152126678747	3.57387737476902	3.7405177426767	3.69975516071522
"tRNA-Ile-AAT-2-1"	11.4241827433318	11.2508438225157	11.4886300706674	11.1313623476796	10.8828514660767	11.2666306136592
"tRNA-Ile-AAT-3-1"	4.10324693882274	4.88981536235594	3.90856662787744	4.06662451889868	4.39067961429093	4.39161112805064
"tRNA-Ile-AAT-6-1"	0.965084043715203	1.51004795498517	0	1.14536224395968	0.96439593659873	1.58446813072053
"tRNA-Ile-AAT-7"	2.52629076132835	3.70191139414549	0	3.24551339066312	3.93250488615661	1.58446813072053
"tRNA-Ile-AAT-8-1"	12.4829433982809	12.8448658624488	12.3941127633555	12.6801085324138	12.9410480399796	12.5612623677826
"tRNA-Ile-AAT-9-1"	1.94730397899216	0.944181930508006	1.00089811656989	1.14536224395968	0.96439593659873	0
"tRNA-Ile-TAT-3-1"	2.74697127843254	2.23155225728573	2.32336481315278	1.7756967313686	2.74577044448227	0.999629238382286
"tRNA-iMet-CAT-2-1"	9.52185294485994	9.4254351049261	9.45506374839795	8.69029717043982	8.80149268618941	8.65747170036916
"tRNA-Leu-AAG-3-1"	5.48543175798466	4.74817840298752	4.75661670993149	4.43324544838475	4.9301997497825	4.39161112805064
"tRNA-Leu-AAG-4-1"	3.39530584527779	3.70191139414549	3.80902240808136	4.06662451889868	3.7405177426767	3.4587574357175
"tRNA-Leu-CAA-1"	11.5114676665314	11.1628708119854	11.2585933270946	11.1022291271172	10.9023422639869	11.0531846119107
"tRNA-Leu-CAA-2-1"	9.09935284459823	9.69199329708089	9.28950518264065	9.57621689333135	9.75610875012478	9.50705404062417
"tRNA-Leu-CAA-3-1"	4.83860592271299	4.64538670160499	4.3940276395221	4.34995021893539	4.10191795327357	4.80663979645689
"tRNA-Leu-TAA-1-1"	7.12946722995989	7.44133605538529	7.18169238809013	7.02995837436353	7.22298256177946	6.9765441923196
"tRNA-Leu-TAA-2-1"	5.93043377737856	4.97706091691623	5.35930390864867	5.07572298897941	5.48405214365053	5.99926997217921
"tRNA-Leu-TAA-4-1"	6.43789272355767	5.91030674557055	6.55636543490158	5.91620947703241	5.76207757609434	6.04366374030503
"tRNA-Leu-TAA-5-1"	0	0	0	0	0	0
"tRNA-Lys-TTT-13-1"	4.18103815692651	5.24655634978586	4.70216636943958	5.85710472672358	5.97340493568213	5.75415962076247
"tRNA-Lys-TTT-4-1"	9.71728657612078	10.0661282707391	9.87677511090164	9.96360373787445	10.2075609905701	10.0906944477157
"tRNA-Lys-TTT-6-1"	8.66418175341508	8.92526128442181	8.63114776274784	8.34793339905097	8.60755135788115	8.49111353836646
"tRNA-Lys-TTT-7-1"	14.3534060107245	14.2449798773232	14.2752998177321	14.4416742088519	14.2272457275333	14.4032024558302
"tRNA-Lys-TTT-9-1"	8.21493649208303	7.96337144392842	7.85976893433169	7.77586042549833	7.52818485830038	7.53842118078114
"tRNA-Met-CAT-3"	11.0128147701616	11.4990233620596	11.6488037532522	11.2885144946657	11.1841298421644	11.2973212437787
"tRNA-Met-CAT-4"	4.32506577614015	3.48092075910606	3.70209734304982	3.9583044434	3.25719429172918	3.69975516071522
"tRNA-Met-CAT-5"	3.10725565437576	3.48092075910606	3.46106414222181	3.41901743004833	3.39402889198857	2.9993511046262
"tRNA-Met-CAT-7-1"	0	0	0	1.7756967313686	1.53729244276706	0.999629238382286
"tRNA-Phe-GAA-11-1"	6.57388264829909	5.86527665653877	6.46120690018192	6.85974077568625	6.37168407300667	6.84475488290182
"tRNA-Phe-GAA-3-1"	7.95748564197666	7.78143260052693	7.82196669625993	7.39453384156634	7.51323848601036	7.70662106285996
"tRNA-Phe-GAA-4-1"	3.25845789531397	2.23155225728573	3.00157133727699	1.7756967313686	2.74577044448227	1.99944382183622
"tRNA-Phe-GAA-5-1"	7.41352257050792	6.93140858613202	7.14133429937143	6.91873980658079	6.96187825493861	7.02163190069888
"tRNA-Phe-GAA-6-1"	1.53821754842504	0.944181930508006	1.00089811656989	2.8196851939079	3.10600835046562	1.99944382183622
"tRNA-Phe-GAA-7-1"	0.965084043715203	0	1.00089811656989	1.14536224395968	2.74577044448227	2.5843445117461
"tRNA-Phe-GAA-8-1"	0	0	0	0	0	0
"tRNA-Pro-CGG-2-1"	8.35157805301048	7.90338276859814	7.89660589751715	6.71744929934342	6.96187825493861	7.10778821365424
"tRNA-Ser-AGA-1-1"	6.13973425902125	6.42654945604233	6.26855890895296	6.59617954523986	6.92846847721573	6.56912179828478
"tRNA-Ser-AGA-3-1"	5.01889446307621	5.88796738151349	5.67418582852934	6.22752960657464	6.2686534973849	6.14901594894078
"tRNA-Ser-AGA-4-1"	7.72404427264261	7.38661745660211	7.54094483730383	6.50285935712543	6.2686534973849	6.50706117338218
"tRNA-Ser-CGA-2-1"	3.84101516769373	3.35628121420913	3.32354430237693	2.8196851939079	1.94625888977462	3.69975516071522
"tRNA-Ser-CGA-3-1"	5.01889446307621	3.98053358294924	4.70216636943958	4.78995697001542	4.39067961429093	4.80663979645689
"tRNA-Ser-GCT-1-1"	6.32248182225861	6.2798444597382	6.42803956199117	6.00056041708838	5.62975189536664	5.85725216634168
"tRNA-Ser-GCT-2-1"	8.16316243576065	7.84659478145233	8.25917765250006	7.84593625508304	7.70301557718022	7.36558509150926
"tRNA-Ser-GCT-5-1"	7.92958506662033	7.88657984079867	7.83467781766355	7.56119307769097	7.66970339072766	7.71350743154368
"tRNA-Ser-GCT-6-1"	10.4361552888713	10.8605905149618	10.9019067982958	10.4167371199131	10.4632161259812	10.6413105385961
"tRNA-Ser-TGA-2-1"	5.99647231254904	5.79498124951585	5.49360889111227	6.0541733909164	6.03748660021955	6.14901594894078
"tRNA-Ser-TGA-3-1"	5.95278418597041	6.03753217746469	5.97904711256735	6.0802507965153	6.11872802597894	5.97655007965809
"tRNA-Ser-TGA-4-1"	5.14071243669176	4.79695217665769	5.52531861779923	5.02291960996409	5.17776295740252	5.12856259279475
"tRNA-Thr-AGT-2"	9.41321902525583	9.97368878165968	9.95453511071612	9.61909527362118	9.61623085685651	9.71006570037008
"tRNA-Thr-AGT-3-1"	7.55172163598401	7.96337144392842	7.72288635805683	8.01093381888718	8.39162474862209	7.92407393777244
"tRNA-Thr-AGT-4-1"	3.52029018821975	3.35628121420913	3.17152126678747	3.24551339066312	3.10600835046562	2.80671927236434
"tRNA-Thr-AGT-6-1"	3.39530584527779	3.80088597158461	3.5866086209105	3.41901743004833	4.10191795327357	3.16926580378846
"tRNA-Thr-CGT-1-1"	6.40584939762444	6.9093960821543	6.63113416750971	7.14561562212914	7.52818485830038	7.26604973908682
"tRNA-Thr-CGT-3-1"	6.95222713310884	6.79399477531164	6.76996353523997	6.46377281745562	6.19563742566725	6.28467011066231
"tRNA-Thr-CGT-5-1"	7.38914530989449	7.16300573935447	7.35933673653958	7.09535339463835	6.93969125637424	6.9181277493732
"tRNA-Thr-TGT-1-1"	5.76346271416825	5.81879565874662	5.52531861779923	5.39946391246596	5.62975189536664	5.75415962076247
"tRNA-Tyr-GTA-1-1"	9.95727745196419	9.83897784735574	9.68127358540503	9.69278173650861	9.75769491163292	9.83846297938925
"tRNA-Tyr-GTA-3-1"	12.2373708999082	12.6072337692388	12.2843046204184	12.483760029071	12.6643036911632	12.6052009400766
"tRNA-Tyr-GTA-6-1"	10.9236910075064	10.6402380116046	10.9740566298598	10.7700889911522	10.4337533312879	10.7143628319837
"tRNA-Tyr-GTA-8-1"	10.3162964104994	10.4330906984136	10.2075874042586	10.3338102457025	10.4583472548981	10.5681650243128
"tRNA-Val-AAC-3-1"	12.8876826169806	12.7708756021878	12.644524037536	12.8618612235418	12.9035689775197	12.9654033875057
"tRNA-Val-AAC-4-1"	10.3270303969957	10.2503415904892	10.3067159253444	9.82010300060929	9.61448118366937	9.98794379835631
"tRNA-Val-AAC-5-1"	7.25168294360651	7.75698806482567	7.64564289134592	8.15285215245018	7.70958669676782	7.92407393777244
"tRNA-Val-CAC-2-1"	14.0763519349698	14.178372663172	14.1649735009726	14.5904218397585	14.5070920106245	14.5877973836497
"tRNA-Val-CAC-6-1"	6.0596198240742	6.44196595343761	5.95596304000908	6.38227180785782	6.33815149910175	5.99926997217921
"tRNA-Val-CAC-7-1"	0	1.91544158183714	2.58645905120918	1.14536224395968	1.53729244276706	1.58446813072053
"tRNA-Val-CAC-9-1"	1.53821754842504	3.06914880740913	3.46106414222181	3.57387737476902	3.39402889198857	1.58446813072053
"tRNA-Val-TAC-4-1"	5.8612267506665	5.86527665653877	5.75664994362316	6.10586519714152	5.78714621110737	6.18909310207113
"tRNA-Arg-CCT-4-1"	13.3364436844705	12.8725070122709	13.6213277593742	12.4095316766079	12.2124406992203	12.519140430263
"tRNA-Cys-GCA-1-1"	5.45443834092574	5.17455447579822	5.28715187822343	5.39946391246596	4.97452395899479	5.2846796209425
"tRNA-Cys-GCA-10-1"	2.74697127843254	2.49069531040667	2.80889420832832	3.24551339066312	3.39402889198857	1.99944382183622
"tRNA-Cys-GCA-11-1"	3.7418233437957	2.23155225728573	2.58645905120918	2.21289610908372	2.26453205239236	2.5843445117461
"tRNA-Cys-GCA-12-1"	2.26564961387546	3.21984656867743	3.5866086209105	3.71371412177184	3.6340072724206	2.80671927236434
"tRNA-Cys-GCA-13-1"	2.93833109380886	3.06914880740913	3.32354430237693	3.84118647821096	2.52512468242951	2.9993511046262
"tRNA-Cys-GCA-15-1"	4.02102089401886	3.21984656867743	3.70209734304982	3.24551339066312	3.6340072724206	2.80671927236434
"tRNA-Cys-GCA-16-1"	2.26564961387546	0	2.58645905120918	1.14536224395968	1.94625888977462	1.58446813072053
"tRNA-Cys-GCA-17-1"	6.98512918799857	6.44196595343761	6.97906135529684	6.50285935712543	6.2686534973849	6.49111972008764
"tRNA-Cys-GCA-18-1"	0	2.23155225728573	1.58615986527912	1.7756967313686	0.96439593659873	2.3213348305546
"tRNA-Cys-GCA-19-1"	2.52629076132835	1.51004795498517	1.58615986527912	1.14536224395968	0.96439593659873	0
"tRNA-Cys-GCA-20-1"	2.74697127843254	3.06914880740913	3.46106414222181	3.41901743004833	3.10600835046562	3.4587574357175
"tRNA-Cys-GCA-21-1"	5.21656099452783	4.88981536235594	4.85971478689858	5.17586319186788	4.10191795327357	4.9061737038268
"tRNA-Cys-GCA-22-1"	3.25845789531397	2.49069531040667	2.80889420832832	3.57387737476902	3.25719429172918	3.16926580378846
"tRNA-Cys-GCA-23-1"	1.94730397899216	3.21984656867743	2.80889420832832	3.57387737476902	2.52512468242951	2.9993511046262
"tRNA-Cys-GCA-3-1"	1.94730397899216	0	1.58615986527912	1.14536224395968	0	0.999629238382286
"tRNA-Trp-CCA-5-1"	0.965084043715203	1.91544158183714	2.00134696527864	2.21289610908372	2.9371041388105	2.3213348305546
"tRNA-Glu-CTC-5-1"	0.965084043715203	0	0	0	0.96439593659873	0
"tRNA-Met-CAT-1-1"	8.09446142645203	8.27878708411822	8.21610875289331	8.4663695388745	8.38342878902123	8.47093568545105
"tRNA-Tyr-GTA-9-1"	3.25845789531397	3.35628121420913	2.00134696527864	3.04825360733869	2.74577044448227	2.3213348305546
"tRNA-Arg-TCG-6-1"	2.93833109380886	3.48092075910606	4.3940276395221	2.8196851939079	3.39402889198857	4.16922459393256
"tRNA-Asp-GTC-4-1"	4.2548485474004	4.53470538837919	4.75661670993149	4.65765903744565	4.45466415441109	4.69972663043885
"tRNA-iMet-CAT-3-1"	0	0	0	0	0	0
"tRNA-Ile-GAT-1"	1.53821754842504	2.7103017538625	1.00089811656989	0	0.96439593659873	0
